route_num|missing_points|simTime|tankMass|force_array|torque_array|rpm_list|droneVel|error_target_vel|error_target_dist 
79.0|11.0|0.8500003814697266|10.0009892578125|[70.26005554199219, 70.26226806640625, 70.26449584960938, 70.26535034179688]|[-0.1405201107263565, 0.14052453637123108, -0.14052899181842804, 0.14053070545196533]|[4554.310627158464, 4554.3823353577145, 4554.454536955545, 4554.482230415388]|0.0|0.09105391800403595|1.4275275361796957e-06
79.0|11.0|1.8500003814697266|9.9722978515625|[-163.7146759033203, 382.2099304199219, 355.0683288574219, -190.82518005371094]|[0.32742932438850403, 0.7644198536872864, -0.7101366519927979, -0.3816503584384918]|[6952.039169060479, 10622.320165088428, 10238.217986192067, 7505.614323729729]|3.2453957743427964e-08|0.0910538855500782|0.06308328360319138
79.0|11.0|2.8500003814697266|9.9436484375|[-223.57577514648438, 462.65289306640625, 417.4229431152344, -268.6893615722656]|[0.4471515715122223, 0.9253057837486267, -0.8348459005355835, -0.53737872838974]|[8124.203186206317, 11686.811658370356, 11100.858373902684, 8906.22453012118]|0.001985817914828658|0.08906810008920729|0.09492629021406174
79.0|11.0|3.8500003814697266|9.915041015625|[-111.46844482421875, 361.5063171386719, 306.89093017578125, -165.8462677001953]|[0.22293688356876373, 0.7230126261711121, -0.6137818694114685, -0.33169254660606384]|[5736.4653545849205, 10330.619109565083, 9518.322834700548, 6997.151144869253]|0.008225541561841965|0.08282837644219398|0.10907670855522156
79.0|11.0|4.850000381469727|9.8864736328125|[87.7447280883789, 167.08375549316406, 108.45507049560547, 29.446664810180664]|[-0.17548945546150208, 0.3341675102710724, -0.21691015362739563, 0.05889333039522171]|[5089.54455039374, 7023.207796057589, 5658.395953335655, 2948.4003929365726]|0.014841007068753242|0.07621291093528271|0.11436756700277328
79.0|11.0|5.850000381469727|9.8579482421875|[282.96868896484375, -26.20279312133789, -86.49494171142578, 223.04147338867188]|[-0.565937340259552, -0.05240558832883835, 0.1729898750782013, 0.4460829496383667]|[9139.819000743242, 2781.263894684587, 5053.168255163534, 8114.489762329546]|0.0191844180226326|0.07186949998140335|0.11579494178295135
79.0|11.0|6.850000381469727|9.8294638671875|[412.93988037109375, -155.50306701660156, -216.46871948242188, 352.3196105957031]|[-0.8258797526359558, -0.3110061287879944, 0.4329374432563782, 0.7046392560005188]|[11041.086639596315, 6775.445925616342, 7994.033760408527, 10198.512032834607]|0.024092964828014374|0.06696095317602158|0.11592458933591843
79.0|11.0|7.850000381469727|9.8010205078125|[457.8731384277344, -200.29014587402344, -261.5429992675781, 396.9161071777344]|[-0.91574627161026, -0.4005802869796753, 0.5230859518051147, 0.7938322424888611]|[11626.285593920002, 7689.501667025778, 8786.986392722389, 10824.747273842966]|0.023029625415802002|0.06802429258823395|0.1158645749092102
79.0|11.0|8.850000381469727|9.7726181640625|[432.07000732421875, -174.5294189453125, -235.9171600341797, 370.9251708984375]|[-0.8641400337219238, -0.3490588366985321, 0.47183433175086975, 0.7418503165245056]|[11293.93968657791, 7177.987957767002, 8345.419451631713, 10464.333126201267]|0.021252207458019257|0.0698017105460167|0.11588838696479797
79.0|11.0|9.850000381469727|9.7442568359375|[367.4542236328125, -110.01454162597656, -171.4774932861328, 306.1971740722656]|[-0.7349084615707397, -0.2200290858745575, 0.34295496344566345, 0.6123943328857422]|[10415.25784046684, 5698.9316828004985, 7114.951878503546, 9507.558211121845]|0.01885322481393814|0.07220069319009781|0.11606626212596893
79.0|11.0|10.850000381469727|9.7159375|[297.47906494140625, -40.15979766845703, -101.6566390991211, 236.1748504638672]|[-0.5949581265449524, -0.0803195908665657, 0.20331327617168427, 0.47234970331192017]|[9371.23023440591, 3443.2151619887445, 5478.179742523856, 8349.976025201082]|0.01681603491306305|0.0742378830909729|0.11636698246002197
79.0|11.0|11.850000381469727|9.6876591796875|[246.0097198486328, 11.171760559082031, -50.32907485961914, 184.7093505859375]|[-0.4920194447040558, 0.02234352007508278, 0.10065814852714539, 0.3694187104701996]|[8522.059012198712, 1816.055904617861, 3854.5872245615287, 7384.3597206171025]|0.01491592824459076|0.07613798975944519|0.11672588437795639
79.0|11.0|12.850000381469727|9.659421875|[223.07749938964844, 33.920345306396484, -27.5396671295166, 161.83853149414062]|[-0.44615498185157776, 0.06784069538116455, 0.05507933348417282, 0.32367706298828125]|[8115.145068287023, 3164.4521739795455, 2851.331732178232, 6912.089748602357]|0.01627480983734131|0.07477910816669464|0.11704632639884949
79.0|11.0|14.049999237060547|9.6030712890625|[-299.615966796875, 239.6998291015625, 493.1337890625, -45.890403747558594]|[0.5992318987846375, 0.4793996512889862, -0.986267626285553, -0.09178080409765244]|[9404.828506962001, 8412.058150442434, 12065.651703960099, 3680.6908650943724]|0.016061320900917053|0.0749925971031189|0.19191701710224152
79.0|11.0|16.150001525878906|9.546884765625|[-152.52456665039062, 216.02752685546875, 346.45623779296875, -23.278247833251953]|[0.3050491511821747, 0.4320550560951233, -0.6929124593734741, -0.0465564951300621]|[6710.243868140001, 7985.883142442813, 10113.293158434266, 2621.461886064138]|0.019138962030410767|0.07191495597362518|0.18457116186618805
79.0|11.0|18.700000762939453|9.4908642578125|[234.8406524658203, 19.878814697265625, -38.81325912475586, 176.35008239746094]|[-0.4696813225746155, 0.039757631719112396, 0.07762651890516281, 0.3527001738548279]|[8326.35729606774, 2422.4992245155304, 3384.9983384689035, 7215.330642967449]|0.018323391675949097|0.07273052632808685|0.13063308596611023
79.0|11.0|21.400001525878906|9.4071416015625|[44.756561279296875, 167.09210205078125, 151.7683868408203, 29.231626510620117]|[-0.08951312303543091, 0.3341841995716095, -0.3035367727279663, 0.05846325308084488]|[3634.9359255513173, 7023.383213698569, 6693.589319358879, 2937.6151179409835]|0.018487006425857544|0.0725669115781784|0.16078004240989685
79.0|11.0|24.0|9.3237890625|[330.3612365722656, -79.12794494628906, -137.71743774414062, 272.09466552734375]|[-0.6607224941253662, -0.15825589001178741, 0.2754348814487457, 0.5441893339157104]|[9875.587595880494, 4833.184202938309, 6376.213801240599, 8962.484502394655]|0.01852896809577942|0.07252494990825653|0.10454101115465164
79.0|11.0|26.650001525878906|9.268427734375|[188.1642608642578, 62.882266998291016, 7.072139739990234, 132.541259765625]|[-0.3763285279273987, 0.12576453387737274, -0.014144279062747955, 0.2650825083255768]|[7453.10043099847, 4308.563511207399, 1444.9200607500763, 6255.239622150973]|0.01785007119178772|0.07320384681224823|0.135543555021286
79.0|11.0|29.349998474121094|9.1856943359375|[12.114751815795898, 181.00189208984375, 182.9132080078125, 13.725223541259766]|[-0.0242295041680336, 0.36200377345085144, -0.36582639813423157, 0.027450446039438248]|[1891.1486401093266, 7309.875182729814, 7348.368677531373, 2012.9274264788412]|0.017879784107208252|0.0731741338968277|0.16586944460868835
79.0|11.0|31.950000762939453|9.130744140625|[316.9198913574219, -65.822509765625, -125.01570892333984, 258.06591796875]|[-0.6338397860527039, -0.13164502382278442, 0.25003141164779663, 0.5161318182945251]|[9672.59832561176, 4408.142474560915, 6075.06176816042, 8728.381701168455]|0.01782175898551941|0.07323215901851654|0.10848136246204376
79.0|11.0|34.599998474121094|9.04862890625|[161.16969299316406, 84.8663558959961, 33.236820220947266, 109.70482635498047]|[-0.32233938574790955, 0.1697327196598053, -0.06647364050149918, 0.21940965950489044]|[6897.791984957582, 5005.36994022357, 3132.4066550301563, 5690.904152326068]|0.01781386137008667|0.07324005663394928|0.1403869241476059
79.0|11.0|37.25|8.966884765625|[-61.948646545410156, 203.36788940429688, 254.5355987548828, -11.382816314697266]|[0.12389729171991348, 0.40673577785491943, -0.5090711712837219, -0.0227656327188015]|[4276.459024870998, 7748.356507681909, 8668.47436426729, 1833.1300123735766]|0.017847299575805664|0.07320661842823029|0.1756044328212738
79.0|11.0|39.849998474121094|8.9125947265625|[276.4389343261719, -24.845088958740234, -84.76734161376953, 216.8548126220703]|[-0.5528778433799744, -0.04969017580151558, 0.16953468322753906, 0.43370962142944336]|[9033.748779305102, 2708.2495648702006, 5002.449184718451, 8001.1596550498325]|0.01873070001602173|0.07232321798801422|0.11686984449625015
79.0|11.0|42.45000076293945|8.8314677734375|[75.75839233398438, 146.3256378173828, 117.9066162109375, 47.31505584716797]|[-0.15151678025722504, 0.2926512658596039, -0.2358132302761078, 0.09463010728359222]|[4729.157510410505, 6572.470067545296, 5899.802748716087, 3737.3871023072475]|0.017841696739196777|0.07321222126483917|0.15554507076740265
79.0|11.0|45.099998474121094|8.750712890625|[-186.33477783203125, 194.75421142578125, 375.54180908203125, -6.86107063293457]|[0.3726695477962494, 0.3895084261894226, -0.7510836124420166, -0.013722141273319721]|[7416.779436277346, 7582.4897670018345, 10529.252753991601, 1423.1948028501931]|0.01784336566925049|0.07321055233478546|0.1879734843969345
79.0|11.0|47.75|8.69708203125|[232.23007202148438, 17.98335075378418, -40.79893112182617, 173.7675323486328]|[-0.464460164308548, 0.03596670180559158, 0.08159785717725754, 0.34753507375717163]|[8279.948440492815, 2304.112666997254, 3470.505976607235, 7162.303512507081]|0.017846107482910156|0.0732078105211258|0.12578384578227997
79.0|11.0|50.400001525878906|8.6169453125|[44.38269805908203, 163.19700622558594, 147.9903106689453, 29.074243545532227]|[-0.08876539766788483, 0.3263940215110779, -0.29598063230514526, 0.05814848467707634]|[3619.7223045530427, 6941.039210494925, 6609.750173803589, 2929.69639068894]|0.017847776412963867|0.07320614159107208|0.1605837047100067
79.0|11.0|53.0|8.5371787109375|[326.53375244140625, -80.94654083251953, -137.96763610839844, 269.9237365722656]|[-0.6530674695968628, -0.1618930846452713, 0.2759352922439575, 0.5398474931716919]|[9818.212863414185, 4888.409182016483, 6382.003171027636, 8926.65895190506]|0.01784646511077881|0.07320745289325714|0.10422911494970322
79.0|10.0|0.5999984741210938|8.48420703125|[208.10064697265625, 39.570274353027344, -17.372718811035156, 151.4717559814453]|[-0.41620129346847534, 0.0791405513882637, 0.034745436161756516, 0.30294349789619446]|[7837.997474378558, 3417.849495271649, 2264.656296774108, 6687.044819814327]|0.01784646511077881|0.016978222876787186|0.13521414995193481
79.0|10.0|3.2999954223632812|8.4050595703125|[-544.91943359375, 738.255126953125, 727.3724365234375, -555.1657104492188]|[1.0898388624191284, 1.4765101671218872, -1.454744815826416, -1.110331416130066]|[12683.366797982815, 14762.898703935005, 14653.684062902536, 12802.055956903163]|0.02409231662750244|0.010732371360063553|0.07433513551950455
79.0|10.0|5.9499969482421875|8.3525|[395.0133056640625, -209.2764892578125, -212.35409545898438, 392.6717529296875]|[-0.7900266051292419, -0.418552964925766, 0.42470818758010864, 0.7853435277938843]|[10798.769378001742, 7860.110011940102, 7917.694206098463, 10766.715430215323]|0.037767767906188965|-0.0029430799186229706|0.04576386883854866
79.0|10.0|8.649993896484375|8.2739697265625|[360.4939880371094, -176.7870635986328, -178.45712280273438, 359.55157470703125]|[-0.7209879755973816, -0.35357412695884705, 0.356914222240448, 0.7191031575202942]|[10316.144510462798, 7224.2646140419, 7258.307234553854, 10302.65131131012]|0.036821722984313965|-0.0019970349967479706|0.04547666758298874
79.0|10.0|11.349998474121094|8.1958115234375|[-39.24262619018555, 221.0649871826172, 220.62403869628906, -38.9842529296875]|[0.07848525792360306, 0.4421299695968628, -0.4412480890750885, -0.07796850800514221]|[3403.6699133512416, 8078.456405400004, 8070.395515082043, 3392.446536077353]|0.03296482563018799|0.001859862357378006|0.05873402953147888
79.0|10.0|13.949996948242188|8.1439111328125|[367.000732421875, -184.17709350585938, -185.8092498779297, 366.09979248046875]|[-0.7340014576911926, -0.3683542013168335, 0.37161847949028015, 0.7321996092796326]|[10408.82889534725, 7373.712687171554, 7406.31312107574, 10396.044871742535]|0.032729148864746094|0.0020955391228199005|0.04250701144337654
79.0|10.0|16.649993896484375|8.06637060546875|[197.5967254638672, -14.936258316040039, -16.647891998291016, 196.60951232910156]|[-0.3951934278011322, -0.02987251617014408, 0.03329578414559364, 0.3932190239429474]|[7637.624024061269, 2099.8550254622132, 2216.909828891816, 7618.52096468652]|0.034961700439453125|-0.00013701245188713074|0.05307216942310333
79.0|10.0|19.25|7.98920068359375|[-117.33120727539062, 297.0933532714844, 297.8362731933594, -115.90851593017578]|[0.23466241359710693, 0.5941866636276245, -0.5956725478172302, -0.23181703686714172]|[5885.3890063040435, 9365.1528902824, 9376.854960423963, 5849.598746015028]|0.036928534507751465|-0.0021038465201854706|0.06591024249792099
79.0|10.0|22.0|7.91240185546875|[457.6280212402344, -275.9456481933594, -277.42340087890625, 456.8798522949219]|[-0.9152560830116272, -0.5518913269042969, 0.5548468232154846, 0.913759708404541]|[11623.173177301604, 9025.685130922859, 9049.820176221308, 11613.66801808885]|0.03452503681182861|0.000299651175737381|0.039943162351846695
79.0|10.0|24.649993896484375|7.861408203125|[196.25234985351562, -14.679577827453613, -16.361675262451172, 195.29090881347656]|[-0.3925046920776367, -0.029359156265854836, 0.03272335231304169, 0.39058181643486023]|[7611.597884846785, 2081.733767525096, 2197.7702403737735, 7592.930369610374]|0.032819509506225586|0.0020051784813404083|0.05287006124854088
79.0|10.0|27.349998474121094|7.7852275390625|[-47.16353988647461, 227.12588500976562, 226.67076110839844, -46.92398452758789]|[0.09432707726955414, 0.454251766204834, -0.4533415138721466, -0.09384796768426895]|[3731.398227772638, 8188.450354186278, 8180.242068500634, 3721.909813726615]|0.03653764724731445|-0.0017129592597484589|0.06349676847457886
79.0|10.0|29.949996948242188|7.734646484375|[422.6524658203125, -241.85894775390625, -243.41709899902344, 421.82049560546875]|[-0.8453049659729004, -0.4837178885936737, 0.48683419823646545, 0.8436409831047058]|[11170.178353590998, 8449.859417344496, 8477.034392103698, 11159.178969616652]|0.03657996654510498|-0.0017552785575389862|0.04226696491241455
79.0|10.0|32.599998474121094|7.659083984375|[163.4175262451172, 17.102006912231445, 15.482463836669922, 162.51336669921875]|[-0.3268350660800934, 0.034204013645648956, -0.03096492774784565, 0.3250267505645752]|[6945.727168374387, 2246.9424171584137, 2137.905187810219, 6926.485792099135]|0.0330432653427124|0.001781422644853592|0.05459681153297424
79.0|10.0|35.25|7.583892578125|[-135.4094696044922, 313.169921875, 313.8988037109375, -134.0058135986328]|[0.27081894874572754, 0.626339852809906, -0.6277976036071777, -0.26801159977912903]|[6322.559462308097, 9615.202298340344, 9626.385162163337, 6289.704236696824]|0.03648567199707031|-0.0016609840095043182|0.06695999205112457
79.0|10.0|37.849998474121094|7.533970703125|[349.3273620605469, -169.39892578125, -171.0642852783203, 348.38372802734375]|[-0.6986547112464905, -0.33879783749580383, 0.34212857484817505, 0.6967674493789673]|[10155.11173312264, 7071.6983961189, 7106.374285406681, 10141.386513951551]|0.03478670120239258|3.798678517341614e-05|0.045885439962148666
79.0|10.0|40.5|7.45939697265625|[81.77899169921875, 97.49666595458984, 96.13300323486328, 81.12152862548828]|[-0.1635579764842987, 0.19499333202838898, -0.19226600229740143, 0.16224305331707]|[4913.480986127053, 5364.920444801917, 5327.269392839562, 4893.690137343173]|0.03479957580566406|2.5112181901931763e-05|0.05820297822356224
79.0|10.0|43.099998474121094|7.38519482421875|[-271.90655517578125, 445.3793640136719, 449.408935546875, -267.2440185546875]|[0.5438131093978882, 0.890758752822876, -0.8988178372383118, -0.5344880223274231]|[8959.385897727881, 11466.567960444092, 11518.323069573362, 8882.237895156764]|0.03651785850524902|-0.0016931705176830292|0.07205808907747269
79.0|10.0|45.75|7.33593212890625|[275.822265625, -96.83866119384766, -98.52251434326172, 274.8551330566406]|[-0.551644504070282, -0.19367732107639313, 0.19704502820968628, 0.5497102737426758]|[9023.66709452851, 5346.785877965744, 5393.0711182719815, 9007.833083029967]|0.0347900390625|3.464892506599426e-05|0.04936874285340309
79.0|10.0|48.349998474121094|7.26234814453125|[-45.314735412597656, 222.6490936279297, 222.23585510253906, -45.04029846191406]|[0.0906294658780098, 0.4452981650829315, -0.44447171688079834, -0.09008059650659561]|[3657.531947617416, 8107.349020607746, 8099.82187357254, 3646.439680598218]|0.03479409217834473|3.05958092212677e-05|0.06346150487661362
79.0|10.0|50.94999694824219|7.213498046875|[414.4194030761719, -236.19772338867188, -237.75918579101562, 413.5762023925781]|[-0.8288387656211853, -0.4723954498767853, 0.4755183756351471, 0.8271524310112]|[11060.848514324227, 8350.380352227037, 8377.936347247705, 11049.590277073952]|0.034796714782714844|2.7973204851150513e-05|0.04235390946269035
79.0|10.0|53.54999542236328|7.14053173828125|[121.19247436523438, 56.5926628112793, 55.14912414550781, 120.45384979248047]|[-0.24238495528697968, 0.1131853312253952, -0.11029825359582901, 0.2409076988697052]|[5981.446604905064, 4087.4124973787775, 4034.9458780379923, 5963.191363997179]|0.03652071952819824|-0.001696031540632248|0.056399453431367874
79.0|9.0|0.04998779296875|7.0679365234375|[-269.67529296875, 441.5902404785156, 445.61187744140625, -265.0235900878906]|[0.5393505692481995, 0.8831804990768433, -0.8912237286567688, -0.5300471782684326]|[8922.549861867976, 11417.68710554382, 11469.560671107085, 8845.261368101164]|0.03479409217834473|-0.017816582694649696|0.07201807200908661
79.0|9.0|2.649993896484375|7.01974560546875|[589.964111328125, -414.3856201171875, -414.7546691894531, 590.3072509765625]|[-1.179928183555603, -0.8287712335586548, 0.8295093178749084, 1.1806144714355469]|[13197.181839261506, 11060.397671766577, 11065.321733912397, 13201.019206627598]|0.032254695892333984|-0.015277186408638954|0.022772757336497307
79.0|9.0|5.149993896484375|6.9477685546875|[56.72757339477539, 117.27803039550781, 117.6675796508789, 57.81827926635742]|[-0.1134551465511322, 0.23455606400966644, -0.23533515632152557, 0.11563656479120255]|[4092.2815645757987, 5884.055166397927, 5893.819267476312, 4131.435578849481]|0.01493692398071289|0.0020405855029821396|0.02890786901116371
79.0|9.0|7.649993896484375|6.89998974609375|[14.497456550598145, 160.42160034179688, 159.70809936523438, 14.489595413208008]|[-0.028994912281632423, 0.3208432197570801, -0.31941619515419006, 0.028979191556572914]|[2068.780013853685, 6881.764811123298, 6866.443876334252, 2068.2190475532284]|0.012169361114501953|0.004808148369193077|0.03166964277625084
79.0|9.0|10.199996948242188|6.828630859375|[-99.7601318359375, 273.8273010253906, 273.7409973144531, -99.14640045166016]|[0.1995202600955963, 0.5476546287536621, -0.5474819540977478, -0.1982928067445755]|[5426.838672593395, 8990.974727201376, 8989.557747172114, 5410.119771356546]|0.017800569534301758|-0.0008230600506067276|0.04020708426833153
79.0|9.0|12.699996948242188|6.7812646484375|[207.69911193847656, -33.45414352416992, -33.93537521362305, 207.9230499267578]|[-0.4153982102870941, -0.06690829247236252, 0.06787075102329254, 0.4158460795879364]|[7830.432024055233, 3142.630794929938, 3165.153171489858, 7834.652212518057]|0.018300294876098633|-0.0013227853924036026|0.026359153911471367
79.0|9.0|15.149993896484375|6.71052392578125|[-29.55379867553711, 202.61419677734375, 202.89312744140625, -28.5784912109375]|[0.059107597917318344, 0.4052283763885498, -0.4057862460613251, -0.05715698376297951]|[2953.759009077451, 7733.985261645617, 7739.30696106714, 2904.611498897103]|0.016443967819213867|0.000533541664481163|0.033851608633995056
79.0|9.0|17.75|6.6635693359375|[163.1082305908203, 10.539458274841309, 10.004348754882812, 163.2752685546875]|[-0.326216459274292, 0.021078916266560555, -0.020008696243166924, 0.32655051350593567]|[6939.151066226528, 1763.9145735797447, 1718.5525457362555, 6942.703324306368]|0.016443967819213867|0.000533541664481163|0.02480548992753029
79.0|9.0|20.25|6.59344677734375|[-31.685903549194336, 204.6030731201172, 204.4624481201172, -31.12995147705078]|[0.06337180733680725, 0.4092061519622803, -0.4089248776435852, -0.06225990504026413]|[3058.4504715787198, 7771.8512580327715, 7769.179977432746, 3031.5003720057016]|0.016923904418945312|5.360506474971771e-05|0.03382713720202446
79.0|9.0|22.75|6.54690478515625|[178.75927734375, -5.691719055175781, -6.1948161125183105, 178.95639038085938]|[-0.3575185537338257, -0.011383438482880592, 0.012389632873237133, 0.3579127788543701]|[7264.449334452528, 1296.2540655649486, 1352.3297855405065, 7268.453387209226]|0.017263412475585938|-0.0002859029918909073|0.02460744045674801
79.0|9.0|25.29998779296875|6.477400390625|[7.378111839294434, 165.05343627929688, 164.8310089111328, 7.850967884063721]|[-0.014756223186850548, 0.33010685443878174, -0.329662024974823, 0.015701936557888985]|[1475.8459268822446, 6980.406097441857, 6975.701085446631, 1522.40430861187]|0.01796412467956543|-0.0009866151958703995|0.03186323493719101
79.0|9.0|27.75|6.43127001953125|[174.36691284179688, -1.8804552555084229, -2.379822015762329, 174.5653533935547]|[-0.3487338423728943, -0.0037609103601425886, 0.004759644158184528, 0.34913069009780884]|[7174.645431003035, 745.0748534150033, 838.1864637366307, 7178.72686975902]|0.016956090927124023|2.1418556571006775e-05|0.024181561544537544
79.0|9.0|30.25|6.36238427734375|[-21.031766891479492, 192.77432250976562, 192.67227172851562, -20.441606521606445]|[0.042063530534505844, 0.3855486512184143, -0.385344535112381, -0.04088321328163147]|[2491.7604240989413, 7543.849172033682, 7541.852128015956, 2456.5517426579827]|0.01695990562438965|1.7603859305381775e-05|0.03282506391406059
79.0|9.0|32.75|6.316666015625|[173.8461456298828, -1.9239976406097412, -2.418708562850952, 174.04701232910156]|[-0.3476923108100891, -0.0038479953072965145, 0.004837417509406805, 0.34809404611587524]|[7163.923459873912, 753.6516799454918, 845.006743978225, 7168.060963843899]|0.017008304595947266|-3.079511225223541e-05|0.024189190939068794
79.0|9.0|35.34999084472656|6.24839794921875|[23.081920623779297, 148.30935668945312, 148.00527954101562, 23.469482421875]|[-0.04616384208202362, 0.2966187298297882, -0.2960105538368225, 0.04693896323442459]|[2610.3838603021454, 6616.871177630104, 6610.084445697971, 2632.207729182025]|0.017855167388916016|-0.0008776579052209854|0.03096660040318966
79.0|9.0|37.94999694824219|6.20309228515625|[239.48773193359375, -68.18696594238281, -68.6253662109375, 239.7429656982422]|[-0.47897547483444214, -0.13637393712997437, 0.13725072145462036, 0.4794859290122986]|[8408.335643482074, 4486.6179260885665, 4501.01791481374, 8412.815037164082]|0.01614522933959961|0.0008322801440954208|0.021507272496819496
79.0|9.0|40.5|6.1354423828125|[81.31294250488281, 89.6713638305664, 89.22502899169922, 81.55753326416016]|[-0.16262587904930115, 0.17934271693229675, -0.1784500628709793, 0.16311506927013397]|[4899.460296699737, 5145.11743203137, 5132.296672946719, 4906.823594939466]|0.016132831573486328|0.0008446779102087021|0.028377607464790344
79.0|9.0|43.09999084472656|6.06816357421875|[-83.2207260131836, 252.9136962890625, 253.4128875732422, -82.0384292602539]|[0.16644145548343658, 0.5058274269104004, -0.5068257451057434, -0.16407684981822968]|[4956.603213524719, 8640.812441269054, 8649.335688537767, 4921.268634839785]|0.01698613166809082|-8.6221843957901e-06|0.03511530160903931
79.0|9.0|45.69999694824219|6.02351708984375|[155.08277893066406, 15.396026611328125, 14.905898094177246, 155.2823944091797]|[-0.31016555428504944, 0.030792053788900375, -0.02981179766356945, 0.310564786195755]|[6766.283514922774, 2131.9289672326454, 2097.7198021513395, 6770.6367402939395]|0.016985177993774414|-7.66851007938385e-06|0.02489607036113739
79.0|9.0|48.29998779296875|5.9568564453125|[22.127601623535156, 147.82647705078125, 147.52883911132812, 22.515974044799805]|[-0.044255200773477554, 0.29565295577049255, -0.29505765438079834, 0.045031946152448654]|[2555.8512594525914, 6606.090477588033, 6599.436683536573, 2578.1831973534004]|0.016982316970825195|-4.8074871301651e-06|0.030895525589585304
79.0|9.0|50.94999694824219|5.9126220703125|[237.25482177734375, -67.37394714355469, -67.81666564941406, 237.50009155273438]|[-0.47450965642929077, -0.13474789261817932, 0.13563333451747894, 0.47500017285346985]|[8369.0454753839, 4459.789901005247, 4474.418690687794, 8373.370242438761]|0.016979694366455078|-2.1848827600479126e-06|0.020607775077223778
79.0|9.0|53.59999084472656|5.84657958984375|[118.28240966796875, 51.324249267578125, 50.83881759643555, 118.48287963867188]|[-0.23656481504440308, 0.10264850407838821, -0.10167764127254486, 0.23696576058864594]|[5909.197232051815, 3892.5097294473976, 3874.058055205322, 5914.202689286685]|0.017823219299316406|-0.000845709815621376|0.02659156732261181
79.0|9.0|56.29998779296875|5.780908203125|[1.7069858312606812, 167.2887420654297, 167.08480834960938, 2.1849498748779297]|[-0.003413971746340394, 0.3345775008201599, -0.3341695964336395, 0.00436989963054657]|[709.8774198707704, 7027.514683930655, 7023.229923935683, 803.1360921467548]|0.016138792037963867|0.000838717445731163|0.03172127529978752
79.0|8.0|0.850006103515625|5.7373330078125|[220.46925354003906, -51.42899703979492, -51.88871765136719, 220.69407653808594]|[-0.4409385025501251, -0.10285799950361252, 0.1037774384021759, 0.4413881301879883]|[8067.564009018181, 3896.4798206341793, 3913.8562708766153, 8071.676400510479]|0.016981124877929688|0.18563522398471832|0.021428901702165604
79.0|8.0|3.6500091552734375|5.67227978515625|[2663.62451171875, -2482.758544921875, -2478.925048828125, 2668.365234375]|[-5.327249050140381, -4.965517044067383, 4.957849979400635, 5.336730480194092]|[28041.73658628855, 27072.954080116342, 27052.045047952583, 28066.67985383582]|-0.07215547561645508|0.2747718244791031|0.4261649250984192
79.0|8.0|6.6500091552734375|5.60759716796875|[380.2382507324219, -174.97286987304688, -173.2738037109375, 383.1407470703125]|[-0.7604764699935913, -0.3499457538127899, 0.34654760360717773, 0.7662814855575562]|[10594.886428449741, 7187.101223820146, 7152.121087246974, 10635.246856884536]|-0.19821882247924805|0.40083517134189606|0.4466173052787781
79.0|8.0|9.650009155273438|5.54328564453125|[-82.50529479980469, 287.3338623046875, 288.70684814453125, -79.87295532226562]|[0.16501058638095856, 0.574667751789093, -0.5774137377738953, -0.15974591672420502]|[4935.251784337927, 9210.046212123088, 9232.024465917435, 4855.883746663572]|-0.22842741012573242|0.43104375898838043|0.370910108089447
79.0|8.0|12.600006103515625|5.47934521484375|[-56.189666748046875, 256.2425231933594, 257.64935302734375, -53.574554443359375]|[0.11237932741641998, 0.5124850273132324, -0.5152987241744995, -0.10714910924434662]|[4072.833274591886, 8697.491341254561, 8721.334264818028, 3976.92762944905]|-0.2048940658569336|0.4075104147195816|0.3376821279525757
79.0|8.0|15.400009155273438|5.415775390625|[53.63331604003906, 142.89524841308594, 144.1313018798828, 55.95792007446289]|[-0.1072666272521019, 0.28579050302505493, -0.28826260566711426, 0.11191583424806595]|[3979.1080169095285, 6494.972220160023, 6523.0027065823515, 4064.4256718982506]|-0.19191443920135498|0.394530788064003|0.3740430176258087
79.0|8.0|18.20001220703125|5.35257666015625|[82.43592071533203, 115.4706039428711, 113.899658203125, 81.51801300048828]|[-0.16487184166908264, 0.23094120621681213, -0.22779931128025055, 0.1630360186100006]|[4933.176459493439, 5838.538154540027, 5798.686295816295, 4905.634603242557]|-0.19520241022109985|0.39781875908374786|0.4320249855518341
79.0|8.0|20.95001220703125|5.310650390625|[76.59123992919922, 117.3622055053711, 118.79727172851562, 79.19740295410156]|[-0.1531824916601181, 0.23472441732883453, -0.23759454488754272, 0.15839481353759766]|[4755.081381875079, 5886.166397920867, 5922.044103701121, 4835.305006840797]|-0.20339235663414001|0.406008705496788|0.30471915006637573
79.0|8.0|23.650009155273438|5.24806982421875|[82.34293365478516, 110.89041137695312, 112.3589096069336, 84.93134307861328]|[-0.16468586027622223, 0.22178082168102264, -0.22471782565116882, 0.16986268758773804]|[4930.393382615516, 5721.572445907614, 5759.332630539133, 5007.286027218852]|-0.19218389689922333|0.39480024576187134|0.39337021112442017
79.0|8.0|26.300003051757812|5.18585986328125|[88.64630889892578, 104.84724426269531, 105.55154418945312, 90.30606842041016]|[-0.1772926151752472, 0.2096944898366928, -0.21110308170318604, 0.18061214685440063]|[5115.625369517895, 5563.484905858607, 5582.139681936485, 5163.294201303953]|-0.18157827854156494|0.38419462740421295|0.49429598450660706
79.0|8.0|29.050003051757812|5.12402099609375|[103.34041595458984, 107.51777648925781, 90.24332427978516, 87.21841430664062]|[-0.20668083429336548, 0.2150355577468872, -0.18048664927482605, 0.17443682253360748]|[5523.36198617208, 5633.8923083386835, 5161.500175967722, 5074.25744165886]|-0.19054663181304932|0.3931629806756973|0.5777750611305237
79.0|8.0|31.70001220703125|5.08300146484375|[95.99212646484375, 95.97628784179688, 97.32157897949219, 98.44254302978516]|[-0.19198425114154816, 0.19195257127285004, -0.19464316964149475, 0.19688507914543152]|[5323.3645754007075, 5322.925381863643, 5360.101050316434, 5390.881879904583]|-0.19034123420715332|0.39295758306980133|0.47861248254776
79.0|8.0|34.40000915527344|5.02178076171875|[96.90408325195312, 94.83912658691406, 96.05267333984375, 99.1581802368164]|[-0.1938081532716751, 0.18967825174331665, -0.19210535287857056, 0.19831636548042297]|[5348.591658183675, 5291.297459735925, 5325.043162451567, 5410.441155468447]|-0.19968724250793457|0.4023035913705826|0.5729220509529114
79.0|8.0|37.15000915527344|4.96093115234375|[99.83602905273438, 95.957763671875, 93.0660629272461, 97.33200073242188]|[-0.19967205822467804, 0.19191552698612213, -0.18613213300704956, 0.19466400146484375]|[5428.902641604947, 5322.411674078589, 5241.6024040818365, 5360.388037817018]|-0.19012880325317383|0.39274515211582184|0.6578964591026306
79.0|8.0|39.90000915527344|4.92057080078125|[98.66029357910156, 92.44977569580078, 93.64028930664062, 100.962158203125]|[-0.1973205804824829, 0.18489955365657806, -0.1872805804014206, 0.20192430913448334]|[5396.840782609361, 5224.218525571446, 5257.74812763901, 5459.435215740686]|-0.19962835311889648|0.4022447019815445|0.5403351783752441
79.0|8.0|42.80000305175781|4.86033935546875|[98.56908416748047, 92.21047973632812, 93.38890075683594, 100.84243774414062]|[-0.19713817536830902, 0.18442095816135406, -0.18677780032157898, 0.2016848772764206]|[5394.345571647548, 5217.452990543115, 5250.685857913619, 5456.197369119768]|-0.19014787673950195|0.39276422560214996|0.5967679619789124
79.0|7.0|1.75|4.800478515625|[-88.46907043457031, 263.32818603515625, 286.20806884765625, -67.45731353759766]|[0.17693814635276794, 0.5266563892364502, -0.5724161863327026, -0.13491462171077728]|[5110.508747890148, 8816.923602982732, 9191.985712997255, 4462.548249571367]|-0.19017791748046875|0.44401976466178894|0.2911875545978546
79.0|7.0|4.9000091552734375|4.7409892578125|[-3950.283447265625, 4180.5703125, 4160.0546875, -3978.83984375]|[7.900567054748535, 8.361140251159668, -8.320109367370605, -7.957679748535156]|[34149.357214978525, 35130.648765879785, 35044.343123581064, 34272.566922908554]|-0.02248859405517578|0.27633044123649597|0.4301392436027527
79.0|7.0|8.100006103515625|4.66224658203125|[828.7525024414062, -520.9509887695312, -608.8092041015625, 741.0646362304688]|[-1.6575050354003906, -1.04190194606781, 1.217618465423584, 1.4821292161941528]|[15641.587568345652, 12401.289254101146, 13406.302320422841, 14790.962928241297]|0.279172420501709|-0.025330573320388794|0.4690735638141632
79.0|7.0|11.100006103515625|4.6036220703125|[-1537.42529296875, 1796.822021484375, 1738.831298828125, -1601.074462890625]|[3.074850559234619, 3.593644142150879, -3.4776625633239746, -3.202148914337158]|[22383.206687982558, 24158.040743252794, 23707.545310833353, 22937.96978648241]|0.13409066200256348|0.11975118517875671|0.49955126643180847
79.0|7.0|13.949996948242188|4.56474560546875|[1063.9368896484375, -888.1676025390625, -849.374755859375, 1094.6837158203125]|[-2.1278738975524902, -1.7763352394104004, 1.6987495422363281, 2.1893675327301025]|[17722.555198246206, 16192.573152897383, 15835.00039779266, 17976.814326885324]|0.14708566665649414|0.10675618052482605|0.3153700828552246
79.0|7.0|16.75|4.50673974609375|[1195.0208740234375, -977.6349487304688, -979.7578735351562, 1184.830810546875]|[-2.3900418281555176, -1.9552698135375977, 1.9595156908035278, 2.369661808013916]|[18782.61902739357, 16988.567622303948, 17007.00287460988, 18702.366938645533]|0.17824697494506836|0.07559487223625183|0.3555199205875397
79.0|7.0|19.5|4.4491044921875|[39.95036697387695, 178.53533935546875, 172.5219268798828, 26.014719009399414]|[-0.07990073412656784, 0.3570706844329834, -0.3450438678264618, 0.05202943831682205]|[3434.225356436904, 7259.897693842761, 7136.586827892858, 2771.264469345689]|0.16492438316345215|0.08891746401786804|0.42605066299438477
79.0|7.0|22.25|4.39184033203125|[-909.8311767578125, 1132.8814697265625, 1121.079833984375, -929.197509765625]|[1.81966233253479, 2.2657630443573, -2.242159605026245, -1.858394980430603]|[16388.862487392762, 18287.765347255714, 18192.26083904308, 16562.367717304165]|0.16841506958007812|0.08542677760124207|0.49482107162475586
79.0|7.0|24.900009155273438|4.3538701171875|[1415.02783203125, -1199.1153564453125, -1201.9466552734375, 1404.18212890625]|[-2.8300554752349854, -2.39823055267334, 2.403893232345581, 2.8083643913269043]|[20438.58827069431, 18814.7688178368, 18836.968026966497, 20360.110219207912]|0.1703033447265625|0.08353850245475769|0.32830509543418884
79.0|7.0|27.449996948242188|4.29722412109375|[-101.49833679199219, 319.42303466796875, 313.8078308105469, -115.00042724609375]|[0.20299667119979858, 0.6388460993766785, -0.6276156306266785, -0.23000085353851318]|[5473.9127001904335, 9710.721964791952, 9624.99012078662, 5826.639261513909]|0.16901707649230957|0.08482477068901062|0.44480615854263306
79.0|7.0|30.050003051757812|4.24094921875|[-1665.9927978515625, 1908.8997802734375, 1879.0640869140625, -1707.408447265625]|[3.3319854736328125, 3.8177995681762695, -3.7581281661987305, -3.4148168563842773]|[22177.110673275663, 23738.865945815818, 23552.6186416625, 22451.073768599028]|0.16947177052497864|0.08437007665634155|0.5459369421005249
79.0|7.0|32.65000915527344|4.203638671875|[617.4719848632812, -400.7995910644531, -404.8788757324219, 605.3991088867188]|[-1.2349439859390259, -0.8015992045402527, 0.8097577691078186, 1.2107981443405151]|[13501.344941684452, 10877.573809527354, 10932.78891838173, 13368.703541680567]|0.17817804217338562|0.07566380500793457|0.3943341076374054
79.0|7.0|35.15000915527344|4.1479814453125|[-1255.450927734375, 1481.3946533203125, 1463.6910400390625, -1279.7728271484375]|[2.510901927947998, 2.962789297103882, -2.927381992340088, -2.5595455169677734]|[19251.664073539847, 20912.395819341044, 20787.061988504407, 19437.251155398793]|0.16969674825668335|0.08414509892463684|0.5212627053260803
79.0|7.0|37.64997863769531|4.1110830078125|[612.7728881835938, -396.72918701171875, -400.67578125, 600.7847290039062]|[-1.2255457639694214, -0.7934584021568298, 0.8013515472412109, 1.2015694379806519]|[13449.87273391372, 10822.198118249053, 10875.893600207883, 13317.657650120229]|0.16972744464874268|0.08411440253257751|0.3942137658596039
79.0|7.0|40.24998474121094|4.056044189453125|[-870.03076171875, 1086.3046875, 1078.95361328125, -884.5282592773438]|[1.7400615215301514, 2.172609567642212, -2.157907247543335, -1.7690564393997192]|[16026.39004042887, 17907.88227796688, 17847.18768778823, 16159.363866805174]|0.16140198707580566|0.09243986010551453|0.49622514843940735
79.0|7.0|42.84999084472656|4.019557861328125|[1241.424560546875, -1023.31298828125, -1030.3914794921875, 1226.2589111328125]|[-2.48284912109375, -2.046625852584839, 2.0607829093933105, 2.4525177478790283]|[19143.818610316393, 17380.915460308534, 17440.92575704869, 19026.525705318818]|0.16982746124267578|0.08401438593864441|0.34226155281066895
79.0|7.0|45.50001525878906|3.965137451171875|[81.76519775390625, 130.784423828125, 129.21945190429688, 72.25501251220703]|[-0.1635303944349289, 0.2615688443183899, -0.25843891501426697, 0.14451003074645996]|[4913.066581737463, 6213.6446901001345, 6176.356439163488, 4618.515380947425]|0.16984176635742188|0.08400008082389832|0.431942343711853
79.0|7.0|48.15000915527344|3.911087890625|[-1060.328369140625, 1277.74853515625, 1267.2255859375, -1077.3099365234375]|[2.4928476810455322, 2.9408633708953857, -2.9046380519866943, -2.540717363357544]|[19182.326352227206, 20834.87137296271, 20706.152535923244, 19365.6285809511]|0.16984915733337402|0.08399268984794617|0.5201312899589539
79.0|7.0|50.84999084472656|3.8752607421875|[1239.0643310546875, -1020.0194702148438, -1028.99072265625, 1221.9547119140625]|[-2.478128671646118, -2.0400390625, 2.057981491088867, 2.4439094066619873]|[19125.611582955404, 17352.92280603651, 17429.066767008946, 18993.104563509103]|0.17826008796691895|0.07558175921440125|0.3411058485507965
79.0|6.0|0.50006103515625|3.821829345703125|[262.3283996582031, -50.8529167175293, -51.924198150634766, 253.2138671875]|[-0.5246568322181702, -0.10170583426952362, 0.103848397731781, 0.5064277648925781]|[8800.169940482549, 3874.595213913534, 3915.1941517354235, 8645.938599595274]|0.16986966133117676|-0.14859305508434772|0.4179292619228363
79.0|6.0|3.1500244140625|3.768768798828125|[1012.274169921875, -897.12060546875, -846.7332153320312, 1051.41259765625]|[-2.024548292160034, -1.7942413091659546, 1.6934665441513062, 2.102825403213501]|[17286.914402965926, 16273.9815736324, 15810.357937332132, 17617.93454470748]|0.05296945571899414|-0.03169284947216511|0.01900465413928032
79.0|6.0|5.6500244140625|3.733601318359375|[214.73324584960938, -45.84172439575195, -50.19428253173828, 199.60560607910156]|[-0.42946648597717285, -0.09168345481157303, 0.10038856416940689, 0.39921119809150696]|[7961.924378954984, 3678.7381563384365, 3849.422047842514, 7676.350058583882]|0.0036296844482421875|0.017646921798586845|0.027351563796401024
79.0|6.0|8.20001220703125|3.681158935546875|[-188.1317596435547, 327.9261474609375, 352.3336486816406, -174.45281982421875]|[0.37626349925994873, 0.6558523178100586, -0.704667329788208, -0.34890565276145935]|[7452.456723946977, 9839.123853315146, 10198.715209379363, 7176.41261329576]|-0.003432035446166992|0.024708641692996025|0.0459144301712513
79.0|6.0|10.700042724609375|3.646403564453125|[65.48487091064453, 102.99174499511719, 98.7266616821289, 50.49353790283203]|[-0.13096974790096283, 0.2059834897518158, -0.1974533349275589, 0.10098707675933838]|[4396.822078674816, 5514.036190953875, 5398.655686337888, 3860.880009634611]|0.002586841583251953|0.01868976466357708|0.03574150428175926
79.0|6.0|13.300048828125|3.594579345703125|[109.50089263916016, 44.524871826171875, 54.465904235839844, 108.7121810913086]|[-0.21900178492069244, 0.08904974162578583, -0.10893180966377258, 0.21742436289787292]|[5685.612192417516, 3625.5153061187557, 4009.87433991427, 5665.099062455222]|0.0038962364196777344|0.0173803698271513|0.042314302176237106
79.0|6.0|15.800018310546875|3.56023583984375|[185.51873779296875, -14.729695320129395, -21.787126541137695, 167.7546844482422]|[-0.37103748321533203, -0.0294593907892704, 0.0435742512345314, 0.33550935983657837]|[7400.520984408547, 2085.2843593916596, 2536.1117250963994, 7037.294601102697]|0.0010576248168945312|0.0202189814299345|0.029366664588451385
79.0|6.0|18.250030517578125|3.509030029296875|[-3.018251895904541, 150.69786071777344, 166.44100952148438, 2.0453689098358154]|[0.0060365041717886925, 0.3013957142829895, -0.33288201689720154, 0.004090737551450729]|[943.943814699604, 6669.940313088622, 7009.686169797701, 777.0594191571632]|-0.0007519721984863281|0.02202857844531536|0.04090649262070656
79.0|6.0|20.550018310546875|3.475098876953125|[55.306488037109375, 110.49932861328125, 108.03872680664062, 42.16712951660156]|[-0.11061298102140427, 0.2209986448287964, -0.21607744693756104, 0.08433425426483154]|[4040.698485098466, 5711.474256646539, 5647.524618708533, 3528.218094615635]|-3.24249267578125e-05|0.021309031173586845|0.03436132147908211
79.0|6.0|23.050018310546875|3.424510986328125|[33.45732116699219, 78.99695587158203, 129.47067260742188, 73.28775024414062]|[-0.0669146403670311, 0.15799391269683838, -0.2589413523674011, 0.14657551050186157]|[3142.7800428259234, 4829.182098804382, 6182.357374668674, 4651.404396701464]|0.0007076263427734375|0.020568979904055595|0.04497873783111572
79.0|6.0|25.50006103515625|3.390991943359375|[74.75811004638672, 89.48188781738281, 88.1677017211914, 62.79457473754883]|[-0.14951622486114502, 0.1789637804031372, -0.176335409283638, 0.12558914721012115]|[4697.83285346481, 5139.678728854102, 5101.796882261703, 4305.5582164764055]|0.0004935264587402344|0.0207830797880888|0.03548780456185341
79.0|6.0|27.950042724609375|3.3576376953125|[190.3613739013672, -21.093517303466797, -27.75591278076172, 173.0753936767578]|[-0.3807227611541748, -0.04218703508377075, 0.055511828511953354, 0.34615078568458557]|[7496.487467585411, 2495.415715126307, 2862.504387742294, 7148.025087104046]|0.0001010894775390625|0.02117551676928997|0.026096617802977562
79.0|6.0|30.50006103515625|3.307915283203125|[59.6305046081543, 104.03279113769531, 102.86729431152344, 47.845829010009766]|[-0.1192610114812851, 0.20806558430194855, -0.20573458075523376, 0.09569165855646133]|[4195.682788317229, 5541.834209997348, 5510.70372484273, 3758.291363107662]|-8.630752563476562e-05|0.0213629137724638|0.03522227331995964
79.0|6.0|33.0|3.25856396484375|[186.99842834472656, -18.213542938232422, -24.815439224243164, 169.803955078125]|[-0.3739968538284302, -0.0364270880818367, 0.04963087663054466, 0.3396078944206238]|[7429.975509051226, 2318.8124364959103, 2706.6330914528335, 7080.147490385864]|9.679794311523438e-05|0.0211798083037138|0.02524276077747345
79.0|6.0|35.550018310546875|3.225869140625|[76.9688949584961, 87.90080261230469, 85.1064224243164, 63.58554458618164]|[-0.15393778681755066, 0.1758016049861908, -0.17021284997463226, 0.1271710842847824]|[4766.790111154675, 5094.069012092265, 5012.4444351561715, 4332.590085894705]|9.918212890625e-05|0.021177424117922783|0.034136004745960236
79.0|6.0|38.10003662109375|3.177135986328125|[19.228357315063477, 103.95120239257812, 142.4161834716797, 47.125789642333984]|[-0.038456711918115616, 0.20790240168571472, -0.2848323583602905, 0.09425158053636551]|[2382.5361339593746, 5539.660664619458, 6484.075686560876, 3729.9046016321613]|-1.9073486328125e-05|0.021295679733157158|0.04359971359372139
79.0|6.0|40.6500244140625|3.144853271484375|[113.51079559326172, 53.66840744018555, 48.11724090576172, 97.40322875976562]|[-0.22702158987522125, 0.10733681172132492, -0.09623448550701141, 0.19480645656585693]|[5788.779241612849, 3980.4095366514957, 3768.935995123082, 5362.349058015054]|-7.62939453125e-06|0.021284235641360283|0.03187546879053116
79.0|5.0|0.20001220703125|3.09673828125|[15.91107177734375, 130.08145141601562, 145.42076110839844, 20.71713638305664]|[-0.031822144985198975, 0.260162889957428, -0.2908415198326111, 0.04143427312374115]|[2167.2954610523902, 6196.922873867166, 6552.116497966257, 2473.052104265268]|1.4781951904296875e-05|0.13499154150485992|0.040758904069662094
79.0|5.0|2.75|3.06486767578125|[-1137.808837890625, 1337.6253662109375, 1307.3385009765625, -1178.821533203125]|[2.2756175994873047, 2.675250768661499, -2.6146769523620605, -2.3576431274414062]|[18327.492708721056, 19871.728822334586, 19645.470283604907, 18654.878902934335]|-0.003384113311767578|0.1383904367685318|0.1631823480129242
79.0|5.0|5.4000244140625|3.017370849609375|[-91.72271728515625, 280.6474609375, 272.4316101074219, -112.23635864257812]|[0.18344543874263763, 0.5612949132919312, -0.544863224029541, -0.22447271645069122]|[5203.635407204676, 9102.254258062956, 8968.03206843986, 5756.190893340142]|0.04609966278076172|0.0889066606760025|0.23856501281261444
79.0|5.0|8.0|2.970244873046875|[1634.245361328125, -1388.86279296875, -1461.4881591796875, 1550.7513427734375]|[-3.268490791320801, -2.7777254581451416, 2.92297625541687, 3.1015026569366455]|[21964.78893907403, 20248.743347926225, 20771.413650868373, 21396.339826326515]|0.02656269073486328|0.10844363272190094|0.1578083634376526
79.0|5.0|10.600006103515625|2.93903369140625|[174.81842041015625, 59.267974853515625, 0.7029510736465454, 104.7669448852539]|[-0.34963682293891907, 0.11853595077991486, -0.0014059022068977356, 0.20953388512134552]|[7183.928477687771, 4182.909302867407, 455.544652850381, 5561.3540442069425]|0.006984233856201172|0.12802208960056305|0.19076132774353027
79.0|5.0|13.050018310546875|2.892526123046875|[-696.1615600585938, 570.5346069335938, 866.0983276367188, -411.1915283203125]|[1.3923231363296509, 1.1410692930221558, -1.732196569442749, -0.8223830461502075]|[14335.849187554924, 12978.048722913349, 15990.130346890717, 11017.688339605244]|0.015313148498535156|0.11969317495822906|0.26858219504356384
79.0|5.0|15.5|2.86172705078125|[-37.97467803955078, 252.712646484375, 215.27984619140625, -86.88406372070312]|[0.07594935595989227, 0.5054253339767456, -0.4305596947669983, -0.17376811802387238]|[3348.2313175004806, 8637.377318808, 7972.0514196160775, 5064.522054692433]|0.02218484878540039|0.11282147467136383|0.21263840794563293
79.0|5.0|18.100006103515625|2.81583740234375|[-406.0340270996094, 361.75189208984375, 576.265380859375, -204.33563232421875]|[0.8120680451393127, 0.723503828048706, -1.1525307893753052, -0.4086712598800659]|[10948.373864581752, 10334.127361657602, 13043.065314473679, 7766.770225489586]|0.018919944763183594|0.11608637869358063|0.2639963626861572
79.0|5.0|20.6500244140625|2.785450439453125|[276.7970886230469, -43.094017028808594, -101.56144714355469, 207.27157592773438]|[-0.553594172000885, -0.08618803322315216, 0.20312289893627167, 0.41454315185546875]|[9039.598947729659, 3566.78468710672, 5475.614239751634, 7822.368637985376]|0.016098499298095703|0.11890782415866852|0.18888182938098907
79.0|5.0|23.20001220703125|2.74017919921875|[-543.9913330078125, 609.0015258789062, 715.4365234375, -449.2840270996094]|[1.0879826545715332, 1.2180031538009644, -1.4308730363845825, -0.8985680341720581]|[12672.561111903751, 13408.419667107682, 14532.955966216792, 11516.722260465938]|0.016746044158935547|0.11826027929782867|0.25292015075683594
79.0|5.0|25.6500244140625|2.710204345703125|[283.0914611816406, -49.93779754638672, -108.19097137451172, 213.9626922607422]|[-0.5661829113960266, -0.09987559169530869, 0.2163819521665573, 0.4279254078865051]|[9141.801541915303, 3839.574477541043, 5651.502369472752, 7947.6261665368775]|0.020263671875|0.11474265158176422|0.18991513550281525
79.0|5.0|27.75|2.680394287109375|[506.3557434082031, -269.4346008300781, -333.0020446777344, 432.1671447753906]|[-1.012711524963379, -0.5388692021369934, 0.6660041213035583, 0.8643342852592468]|[12226.334520271617, 8918.567170325714, 9914.980263940022, 11295.209160092621]|0.02038097381591797|0.11462534964084625|0.17659495770931244
79.0|5.0|30.050018310546875|2.635988525390625|[-429.6817626953125, 304.93463134765625, 598.4183349609375, -146.29737854003906]|[0.8593635559082031, 0.6098692417144775, -1.1968367099761963, -0.2925947606563568]|[11262.68310055648, 9487.936707800514, 13291.403720528737, 6571.835379647855]|0.018509387969970703|0.11649693548679352|0.2692231833934784
79.0|5.0|32.450042724609375|2.606590576171875|[-151.8870391845703, 353.6474304199219, 327.2479553222656, -189.33065795898438]|[0.3037740886211395, 0.7072948217391968, -0.654495894908905, -0.3786613345146179]|[6696.205328232335, 10217.712002103444, 9828.9443203218, 7476.164971056057]|0.018472671508789062|0.11653365194797516|0.21806581318378448
79.0|5.0|34.85003662109375|2.577357666015625|[676.9171752929688, -441.11297607421875, -505.7512512207031, 602.0474243164062]|[-1.3538343906402588, -0.8822259306907654, 1.0115025043487549, 1.2040948867797852]|[14136.313592038287, 11411.515401211636, 12219.03438504873, 13331.645453525784]|0.01867532730102539|0.11633099615573883|0.16409991681575775
79.0|5.0|37.350006103515625|2.533817138671875|[-326.7425537109375, 491.8216247558594, 500.6977233886719, -328.8956298828125]|[0.6534850597381592, 0.9836432337760925, -1.0013954639434814, -0.657791256904602]|[9821.351478754888, 12049.5884532909, 12157.83408436568, 9853.657335804437]|0.018782615661621094|0.11622370779514313|0.2327588051557541
79.0|5.0|39.70001220703125|2.504996337890625|[484.115478515625, -248.7109832763672, -311.94000244140625, 410.62255859375]|[-0.9682309627532959, -0.4974219799041748, 0.6238799691200256, 0.8212451338768005]|[11954.815781836769, 8568.718709906967, 9596.30272138536, 11010.063059513446]|0.018718719482421875|0.11628760397434235|0.18275929987430573
79.0|5.0|42.300018310546875|2.46207421875|[-399.208740234375, 537.7291259765625, 571.70068359375, -376.1814880371094]|[0.7984175086021423, 1.075458288192749, -1.1434013843536377, -0.7523630261421204]|[10855.964752041062, 12599.409293687753, 12991.304426325647, 10538.216437284167]|0.018683910369873047|0.11632241308689117|0.2398509383201599
79.0|5.0|44.85003662109375|2.43366552734375|[667.4850463867188, -432.9007873535156, -497.266845703125, 593.1792602539062]|[-1.3349701166152954, -0.8658015727996826, 0.9945337176322937, 1.1863585710525513]|[14037.480770260214, 11304.792411178374, 12116.108567829086, 13233.093559886533]|0.01870870590209961|0.11629761755466461|0.1638546735048294
