0|[70.26048278808594, 70.26222229003906, 70.26406860351562, 70.26538848876953]|[-0.14052096009254456, 0.14052444696426392, -0.1405281275510788, 0.1405307650566101]|[4554.3244743469695, 4554.380851751237, 4554.440690162477, 4554.483466726632]
1.0|[92.06693267822266, 92.20745086669922, 97.49089050292969, 97.35449981689453]|[-0.1841338574886322, 0.18441489338874817, -0.19498176872730255, 0.19470898807048798]|[5213.3903192742755, 5217.367300094903, 5364.761540406237, 5361.007550688057]
1.0|[90.04198455810547, 90.1971664428711, 99.51131439208984, 99.36026000976562]|[-0.1800839751958847, 0.18039433658123016, -0.19902262091636658, 0.1987205147743225]|[5155.73911105445, 5160.179999891602, 5420.066753222221, 5415.951463544464]
1.0|[88.90444946289062, 88.9969711303711, 100.60533905029297, 100.51693725585938]|[-0.17780889570713043, 0.17799393832683563, -0.20121067762374878, 0.20103387534618378]|[5123.068377926681, 5125.733438988966, 5449.779344134593, 5447.384460537433]
1.0|[88.36241149902344, 88.36885070800781, 101.05587005615234, 101.05354309082031]|[-0.17672483623027802, 0.1767377108335495, -0.20211173593997955, 0.20210708677768707]|[5107.42718611898, 5107.613278776096, 5461.968318916598, 5461.905433484598]
1.0|[88.0916748046875, 88.02476501464844, 101.21318054199219, 101.2842025756836]|[-0.17618334293365479, 0.17604953050613403, -0.20242635905742645, 0.2025683969259262]|[5099.59677082693, 5097.659710563094, 5466.217902673333, 5468.135409016433]
1.0|[87.92922973632812, 87.82180786132812, 101.24810791015625, 101.3596420288086]|[-0.17585845291614532, 0.17564362287521362, -0.2024962157011032, 0.2027192860841751]|[5094.892656594429, 5091.779526956261, 5467.160982101866, 5470.171444005076]
1.0|[87.81121826171875, 87.69963836669922, 101.23160552978516, 101.34729766845703]|[-0.17562243342399597, 0.1753992736339569, -0.20246320962905884, 0.2026945948600769]|[5091.472532979916, 5088.236690414206, 5466.715418977206, 5469.838333990993]
1.0|[87.70890045166016, 87.61854553222656, 101.19628143310547, 101.2907485961914]|[-0.17541781067848206, 0.17523708939552307, -0.2023925632238388, 0.2025814950466156]|[5088.505371318516, 5085.883687760649, 5465.761548732129, 5468.312109564413]
1.0|[87.61564636230469, 87.55852508544922, 101.15250396728516, 101.21373748779297]|[-0.17523129284381866, 0.17511704564094543, -0.20230501890182495, 0.202427476644516]|[5085.799544826653, 5084.141423585657, 5464.579177851536, 5466.23294213214]
1.0|[87.52537536621094, 87.49889373779297, 101.10318756103516, 101.13378143310547]|[-0.175050750374794, 0.17499777674674988, -0.20220637321472168, 0.20226755738258362]|[5083.178902713168, 5082.409862661599, 5463.246901082769, 5464.073429100441]
1.0|[87.44638061523438, 87.440185546875, 101.0438461303711, 101.05415344238281]|[-0.17489276826381683, 0.17488037049770355, -0.20208770036697388, 0.20210829377174377]|[5080.884510413566, 5080.704531641735, 5461.643368692052, 5461.921928094187]
1.0|[87.75918579101562, 87.766845703125, 100.59387969970703, 100.59031677246094]|[-0.17551837861537933, 0.1755336970090866, -0.20118775963783264, 0.20118063688278198]|[5089.9638353607415, 5090.185964956289, 5449.468959461355, 5449.372451436127]
1.0|[87.61848449707031, 87.62715911865234, 100.60514068603516, 100.6005630493164]|[-0.17523697018623352, 0.17525433003902435, -0.20121027529239655, 0.20120112597942352]|[5085.881916344805, 5086.133672634418, 5449.773971447727, 5449.649984894671]
1.0|[87.51786804199219, 87.51875305175781, 100.57098388671875, 100.57418823242188]|[-0.1750357300043106, 0.17503750324249268, -0.20114196836948395, 0.2011483758687973]|[5082.960897990203, 5082.986598220118, 5448.848757104231, 5448.935560749545]
1.0|[87.44168090820312, 87.43102264404297, 100.51155090332031, 100.52629852294922]|[-0.17488336563110352, 0.17486204206943512, -0.20102310180664062, 0.20105259120464325]|[5080.747975377283, 5080.438319823227, 5447.238505402859, 5447.638115468782]
1.0|[87.3746566772461, 87.35305786132812, 100.44082641601562, 100.46650695800781]|[-0.17474931478500366, 0.1747061163187027, -0.20088164508342743, 0.20093302428722382]|[5078.800400135839, 5078.172627397774, 5445.321706083227, 5446.017786952071]
1.0|[87.31070709228516, 87.28194427490234, 100.36812591552734, 100.4009780883789]|[-0.17462141811847687, 0.17456388473510742, -0.20073625445365906, 0.20080195367336273]|[5076.9414707860615, 5076.105152001779, 5443.350648651298, 5444.241425797852]
1.0|[87.24626159667969, 87.21601867675781, 100.29519653320312, 100.32952117919922]|[-0.17449252307415009, 0.17443203926086426, -0.20059040188789368, 0.20065903663635254]|[5075.0674371319765, 5074.187753816387, 5441.372668408547, 5442.303706083475]
1.0|[87.18094635009766, 87.15267181396484, 100.22265625, 100.2550048828125]|[-0.17436188459396362, 0.17430534958839417, -0.20044530928134918, 0.20051001012325287]|[5073.167405330329, 5072.344673453468, 5439.404527731427, 5440.282288860141]
1.0|[87.11564636230469, 87.09132385253906, 100.15155029296875, 100.17994689941406]|[-0.17423129081726074, 0.17418263852596283, -0.2003031075000763, 0.20035989582538605]|[5071.2671057815005, 5070.559112673826, 5437.474611355487, 5438.245417612494]
1.0|[87.0499267578125, 87.02959442138672, 100.08007049560547, 100.1044692993164]|[-0.1740998476743698, 0.174059197306633, -0.20016013085842133, 0.20020893216133118]|[5069.3538757097, 5068.761814167261, 5435.53385778269, 5436.196389498572]
1.0|[86.98444366455078, 86.9676742553711, 100.00753021240234, 100.02836608886719]|[-0.17396888136863708, 0.17393535375595093, -0.20001506805419922, 0.20005673170089722]|[5067.446812505102, 5066.958321795943, 5433.563602177081, 5434.129595375609]
1.0|[86.92106628417969, 86.90541076660156, 99.93529510498047, 99.95501708984375]|[-0.17384213209152222, 0.17381082475185394, -0.19987058639526367, 0.1999100297689438]|[5065.600390248556, 5065.144182273951, 5431.600925218912, 5432.136855325368]
1.0|[86.62665557861328, 86.60282897949219, 100.072998046875, 100.10088348388672]|[-0.17325331270694733, 0.1732056587934494, -0.20014598965644836, 0.20020176470279694]|[5057.014255460421, 5056.318743570801, 5435.341795499316, 5436.099024357949]
1.0|[86.56500244140625, 86.5400161743164, 99.9983139038086, 100.02735900878906]|[-0.17313000559806824, 0.17308002710342407, -0.19999663531780243, 0.20005472004413605]|[5055.214369005923, 5054.484743586739, 5433.3132282672195, 5434.102240048085]
1.0|[86.50238800048828, 86.4756088256836, 99.92457580566406, 99.95540618896484]|[-0.17300477623939514, 0.17295122146606445, -0.19984914362430573, 0.19991080462932587]|[5053.38576234356, 5052.603495062502, 5431.309614139125, 5432.147428269482]
1.0|[86.44026947021484, 86.4107894897461, 99.84972381591797, 99.88325500488281]|[-0.17288054525852203, 0.17282158136367798, -0.19969944655895233, 0.19976651668548584]|[5051.570984280695, 5050.7095055154305, 5429.27497705986, 5430.186520712425]
1.0|[86.76067352294922, 86.73565673828125, 99.39771270751953, 99.42677307128906]|[-0.17352133989334106, 0.17347131669521332, -0.19879542291164398, 0.19885355234146118]|[5060.924534161456, 5060.194841882189, 5416.972107421913, 5417.7639147554]
1.0|[86.62013244628906, 86.60045623779297, 99.41085052490234, 99.43456268310547]|[-0.17324025928974152, 0.17320092022418976, -0.19882169365882874, 0.19886912405490875]|[5056.823851052206, 5056.249476662055, 5417.3300876858175, 5417.9761385355305]
1.0|[86.51741027832031, 86.50000762939453, 99.3831558227539, 99.40460205078125]|[-0.17303483188152313, 0.1730000227689743, -0.1987663060426712, 0.1988092064857483]|[5053.824536758442, 5053.316232377818, 5416.575432670159, 5417.159831729813]
1.0|[86.43604278564453, 86.4200668334961, 99.33206176757812, 99.35208129882812]|[-0.17287209630012512, 0.17284013330936432, -0.198664128780365, 0.19870416820049286]|[5051.447479007758, 5050.980628548351, 5415.182890938087, 5415.728555447018]
1.0|[86.36335754394531, 86.34709930419922, 99.2691650390625, 99.28945922851562]|[-0.17272670567035675, 0.17269420623779297, -0.19853833317756653, 0.19857890903949738]|[5049.323116934774, 5048.847817154427, 5413.468181631576, 5414.021507200867]
1.0|[86.29810333251953, 86.28044128417969, 99.20134735107422, 99.22303771972656]|[-0.17259621620178223, 0.1725608855485916, -0.19840268790721893, 0.19844608008861542]|[5047.415178951241, 5046.898642380797, 5411.618706922104, 5412.210299638896]
1.0|[86.23514556884766, 86.21609497070312, 99.13072967529297, 99.15381622314453]|[-0.17247028648853302, 0.17243218421936035, -0.19826146960258484, 0.19830763339996338]|[5045.573701920282, 5045.01635082173, 5409.692200980907, 5410.322095705001]
1.0|[86.17273712158203, 86.15287017822266, 99.05828857421875, 99.08218383789062]|[-0.17234547436237335, 0.17230573296546936, -0.19811657071113586, 0.19816435873508453]|[5043.747628515178, 5043.166182294978, 5407.715237426868, 5408.367434186895]
1.0|[86.11006164550781, 86.08999633789062, 98.98716735839844, 99.01126098632812]|[-0.1722201257944107, 0.17217998206615448, -0.1979743391275406, 0.1980225294828415]|[5041.9130762219975, 5041.325610430518, 5405.773591015663, 5406.431437767795]
1.0|[86.04763793945312, 86.02771759033203, 98.9149398803711, 98.93888092041016]|[-0.17209526896476746, 0.1720554232597351, -0.19782987236976624, 0.19787776470184326]|[5040.0852296577905, 5039.501796624586, 5403.801029049932, 5404.454948415777]
1.0|[85.98541259765625, 85.96624755859375, 98.84346008300781, 98.86664581298828]|[-0.17197082936763763, 0.17193248867988586, -0.19768692553043365, 0.19773328304290771]|[5038.26253148224, 5037.701018335321, 5401.848177385919, 5402.481696534581]
1.0|[85.92300415039062, 85.90446472167969, 98.77333068847656, 98.7958755493164]|[-0.17184600234031677, 0.17180894315242767, -0.19754666090011597, 0.19759175181388855]|[5036.4338072470255, 5035.890427486873, 5399.931532823912, 5400.5477606969325]
1.0|[85.8608169555664, 85.84162139892578, 98.70069122314453, 98.7238998413086]|[-0.17172163724899292, 0.17168323695659637, -0.19740137457847595, 0.19744780659675598]|[5034.610905543814, 5034.048090255618, 5397.9455702187415, 5398.580173139762]
1.0|[85.79966735839844, 85.78164672851562, 98.6297836303711, 98.65180969238281]|[-0.17159932851791382, 0.1715632975101471, -0.1972595751285553, 0.1973036229610443]|[5032.817775254282, 5032.289222452942, 5396.0062520128195, 5396.6087380425]
1.0|[85.73880004882812, 85.72113037109375, 98.55767059326172, 98.579345703125]|[-0.17147760093212128, 0.17144227027893066, -0.19711534678936005, 0.19715869426727295]|[5031.032287993587, 5030.513845353016, 5394.033249855836, 5394.626353544026]
1.0|[85.67669677734375, 85.65872192382812, 98.4873046875, 98.50928497314453]|[-0.17135339975357056, 0.1713174432516098, -0.19697460532188416, 0.197018563747406]|[5029.209891584433, 5028.682303241211, 5392.1073530489975, 5392.709021701453]
1.0|[85.61654663085938, 85.5969467163086, 98.41426849365234, 98.43785858154297]|[-0.17123308777809143, 0.1711938977241516, -0.19682852923870087, 0.19687572121620178]|[5027.444179107669, 5026.868688035511, 5390.107643348998, 5390.7536141832825]
1.0|[85.55615997314453, 85.53643798828125, 98.34283447265625, 98.36656188964844]|[-0.1711123287677765, 0.17107287049293518, -0.19668567180633545, 0.19673311710357666]|[5025.670899797637, 5025.091619953566, 5388.151082762604, 5388.801049776922]
1.0|[-382.02777099609375, 560.615478515625, 565.3749389648438, -377.2864990234375]|[0.7640555500984192, 1.121230959892273, -1.1307498216629028, -0.7545729875564575]|[10619.788589938773, 12864.738008611486, 12919.231514689503, 10553.682783096776]
1.0|[-537.3280639648438, 726.90869140625, 720.9154663085938, -543.351318359375]|[1.0746561288833618, 1.453817367553711, -1.4418309926986694, -1.0867027044296265]|[12594.709820700826, 14649.012001117304, 14588.497840097123, 12665.104180857797]
1.0|[-434.0840759277344, 629.048828125, 618.1070556640625, -445.0429382324219]|[0.8681681752204895, 1.2580976486206055, -1.2362140417099, -0.8900858759880066]|[11320.232095647892, 13627.324034054367, 13508.286233447041, 11462.236397108945]
1.0|[82.02330017089844, 116.88160705566406, 102.28167724609375, 67.50557708740234]|[-0.16404660046100616, 0.2337632030248642, -0.20456336438655853, 0.13501116633415222]|[4920.814836866546, 5874.102103252885, 5494.995290524584, 4464.144369384691]
1.0|[500.24481201171875, -300.55120849609375, -315.9777526855469, 484.89691162109375]|[-1.000489592552185, -0.6011024713516235, 0.6319555044174194, 0.9697938561439514]|[12152.334092149866, 9419.49550658277, 9658.21028624021, 11964.460301049881]
1.0|[600.7266235351562, -401.8664855957031, -417.15887451171875, 585.4810180664062]|[-1.2014533281326294, -0.8037329912185669, 0.8343177437782288, 1.1709620952606201]|[13317.01361955957, 10892.041777435212, 11097.346525818211, 13146.944018856522]
1.0|[270.95111083984375, -71.7142562866211, -87.83183288574219, 254.84254455566406]|[-0.5419021844863892, -0.1434285193681717, 0.17566366493701935, 0.5096850991249084]|[8943.630985901722, 4601.2004485356565, 5092.070136764167, 8673.699468629888]
1.0|[148.70346069335938, 49.6026496887207, 34.276123046875, 133.3759765625]|[-0.2974069118499756, 0.09920530021190643, -0.06855224817991257, 0.2667519450187683]|[6625.656885389513, 3826.6685068242878, 3181.0042592097907, 6274.905794896826]
1.0|[95.23482513427734, 97.27108764648438, 87.49467468261719, 85.3759536743164]|[-0.1904696524143219, 0.19454216957092285, -0.17498935759067535, 0.1707519143819809]|[5302.324445030152, 5358.710434989954, 5082.2873283916615, 5020.375343346197]
1.0|[63.72513961791992, 125.80230712890625, 118.60577392578125, 56.41436004638672]|[-0.12745028734207153, 0.2516046166419983, -0.23721155524253845, 0.11282871663570404]|[4337.343339728281, 6094.143927909292, 5917.269095810769, 4080.9684473686266]
1.0|[48.81547164916992, 140.34902954101562, 133.1244354248047, 41.480140686035156]|[-0.09763094782829285, 0.2806980609893799, -0.266248881816864, 0.08296027779579163]|[3796.183077639614, 6436.845883435658, 6268.985906314149, 3499.3591225434657]
1.0|[50.90370178222656, 137.88467407226562, 130.66111755371094, 43.573089599609375]|[-0.10180740803480148, 0.27576935291290283, -0.2613222599029541, 0.08714617788791656]|[3876.5294438316278, 6380.084084746844, 6210.714822639796, 3586.5557137848637]
1.0|[-92.08183288574219, 259.6463928222656, 273.2035827636719, -78.85076904296875]|[0.1841636598110199, 0.5192927718162537, -0.5464072227478027, -0.1577015370130539]|[5213.812172444871, 8755.068547584391, 8980.729159826822, 4824.7117384389885]
1.0|[-260.6758117675781, 375.7189636230469, 441.071044921875, -195.25088500976562]|[0.5213515758514404, 0.7514379620552063, -0.8821420669555664, -0.3905017673969269]|[8772.406970641092, 10531.735946229202, 11410.973012539713, 7592.152264964586]
1.0|[274.5247802734375, -78.37602233886719, -94.1736831665039, 258.7728576660156]|[-0.5490495562553406, -0.15675203502178192, 0.18834736943244934, 0.517545759677887]|[9002.418126087978, 4810.165436980662, 5272.701457261485, 8740.328686564535]
1.0|[1780.069580078125, -1598.6417236328125, -1601.0535888671875, 1777.6212158203125]|[-3.5601391792297363, -3.1972835063934326, 3.2021071910858154, 3.5552425384521484]|[22923.814910403726, 21724.20917453695, 21740.59061779805, 22908.04441403926]
1.0|[225.76358032226562, -41.5484733581543, -42.273902893066406, 224.94667053222656]|[-0.4515271782875061, -0.083096943795681, 0.08454781025648117, 0.44989335536956787]|[8163.856191641316, 3502.2402863641646, 3532.6822541063366, 8149.072633711382]
1.0|[-603.38330078125, 785.8566284179688, 784.3601684570312, -604.9757690429688]|[1.2067666053771973, 1.5717133283615112, -1.5687203407287598, -1.2099515199661255]|[13346.427979234852, 15231.408445189936, 15216.899402868592, 13364.028530999527]
1.0|[327.7467956542969, -148.89186096191406, -148.5545196533203, 327.9980773925781]|[-0.6554935574531555, -0.2977837324142456, 0.29710903763771057, 0.6559962034225464]|[9836.43284193286, 6629.852754148894, 6622.337932861809, 9840.202890022438]
1.0|[570.4369506835938, -391.82781982421875, -390.92987060546875, 571.2548828125]|[-1.140873908996582, -0.7836556434631348, 0.7818596959114075, 1.1425098180770874]|[12976.937973632483, 10755.139253793714, 10742.808444446631, 12986.238258573934]
1.0|[518.6293334960938, -340.9981689453125, -339.182861328125, 520.3850708007812]|[-1.0372586250305176, -0.6819963455200195, 0.6783657073974609, 1.0407700538635254]|[13197.049402186205, 11041.28410296316, 11008.571659924892, 13223.780215159162]
1.0|[-502.6507873535156, 683.063720703125, 681.6705322265625, -504.1475524902344]|[1.005301594734192, 1.366127371788025, -1.3633410930633545, -1.0082950592041016]|[12181.522945046701, 14200.348856236436, 14185.859826944023, 12199.646189132445]
1.0|[-218.38917541503906, 398.0421142578125, 397.0492248535156, -219.4832305908203]|[0.43677836656570435, 0.7960842251777649, -0.794098436832428, -0.4389664828777313]|[8029.4159847272085, 10840.090704812465, 10826.562322885484, 8049.503174443587]
1.0|[-55.04734802246094, 234.18247985839844, 233.47581481933594, -55.852394104003906]|[0.11009469628334045, 0.46836498379707336, -0.4669516384601593, -0.11170478910207748]|[4031.2209703862313, 8314.681239642756, 8302.126641523666, 4060.5914973902145]
1.0|[33.2134895324707, 145.35845947265625, 144.86441040039062, 32.623897552490234]|[-0.06642697751522064, 0.29071691632270813, -0.2897288203239441, 0.0652477964758873]|[3131.307060773518, 6550.712808069926, 6539.5709445224675, 3103.3897851703196]
1.0|[282.06280517578125, -104.74514770507812, -104.45315551757812, 282.2698059082031]|[-0.5641255974769592, -0.20949029922485352, 0.20890632271766663, 0.5645396113395691]|[9125.177361369393, 5560.77548318236, 5553.019342732903, 9128.525147623151]
1.0|[483.7405090332031, -307.93212890625, -306.57763671875, 485.025390625]|[-0.9674810171127319, -0.6158642768859863, 0.6131552457809448, 0.9700507521629333]|[11950.18511040242, 9534.455722672195, 9513.463144462594, 11966.04525663003]
1.0|[-436.7415466308594, 615.0283813476562, 613.7484130859375, -438.1253967285156]|[0.8734831213951111, 1.2300567626953125, -1.227496862411499, -0.8762508034706116]|[11354.830557971894, 13474.603129620646, 13460.574470404374, 11372.805669229996]
1.0|[-1459.7003173828125, 1636.5128173828125, 1634.0416259765625, -1462.27294921875]|[2.919400453567505, 3.2730255126953125, -3.268083333969116, -2.924546003341675]|[20758.704904183483, 21980.021330563344, 21963.41976172109, 20776.989820151946]
1.0|[121.45865631103516, 54.14698791503906, 54.03401184082031, 121.2494888305664]|[-0.24291729927062988, 0.10829397290945053, -0.10806801915168762, 0.242498978972435]|[5988.011698277862, 3998.117518258353, 3993.9443638940065, 5982.8534120620825]
1.0|[726.531982421875, -553.1968383789062, -552.3914794921875, 727.2386474609375]|[-1.45306396484375, -1.1063936948776245, 1.104783058166504, 1.454477310180664]|[14645.215699297381, 12779.334814982149, 12770.02917664567, 14652.336340117117]
1.0|[122.30610656738281, 51.14903259277344, 51.07917022705078, 122.13770294189453]|[-0.2446122020483017, 0.1022980660200119, -0.10215833783149719, 0.24427540600299835]|[6008.865383522633, 3885.8596983467564, 3883.2050233680716, 6004.72714663839]
1.0|[52.1504020690918, 121.31550598144531, 121.13712310791016, 51.87436294555664]|[-0.10430080443620682, 0.2426310032606125, -0.24227425456047058, 0.10374873131513596]|[3923.7130103565028, 5984.48194341514, 5980.080520073858, 3913.3148608740585]
1.0|[171.41429138183594, 1.6240651607513428, 1.635455846786499, 171.32797241210938]|[-0.34282857179641724, 0.003248130204156041, -0.003270911518484354, 0.3426559567451477]|[7113.640569533736, 692.420837628932, 694.8448066121789, 7111.849238593146]
1.0|[147.49444580078125, 25.115306854248047, 25.10603904724121, 147.38742065429688]|[-0.2949889004230499, 0.050230614840984344, -0.0502120777964592, 0.2947748303413391]|[6598.667377321857, 2722.9373451240126, 2722.434902799958, 6596.2728752847015]
1.0|[57.412017822265625, 114.96146392822266, 114.83779907226562, 57.19072723388672]|[-0.11482403427362442, 0.22992292046546936, -0.22967560589313507, 0.11438145488500595]|[4116.89517904532, 5825.652115483345, 5822.517924895248, 4108.953377289983]
1.0|[69.89083099365234, 102.16641235351562, 102.0599594116211, 69.68701171875]|[-0.1397816687822342, 0.20433282852172852, -0.20411992073059082, 0.1393740326166153]|[4542.328155065096, 5491.898164019469, 5489.036259253187, 4535.700032459365]
1.0|[112.57826232910156, 59.09611511230469, 59.03661346435547, 112.4217300415039]|[-0.2251565307378769, 0.11819223314523697, -0.1180732250213623, 0.22484345734119415]|[5764.951719021346, 4176.840295112936, 4174.737014123915, 5760.942441556804]
1.0|[58.60466384887695, 112.76766204833984, 112.66438293457031, 58.40428161621094]|[-0.11720932275056839, 0.2255353182554245, -0.22532877326011658, 0.11680856347084045]|[4159.436452790087, 5769.79910856275, 5767.15634631129, 4152.319349906799]
1.0|[5.481549263000488, 165.57638549804688, 165.4519805908203, 5.259823799133301]|[-0.01096309907734394, 0.3311527967453003, -0.33090394735336304, 0.010519647970795631]|[1272.0965205723082, 6991.455582755345, 6988.828593355782, 1246.1031730389348]
1.0|[-92.93295288085938, 263.5585021972656, 263.5213928222656, -93.06874084472656]|[0.23844939470291138, 0.5795868039131165, -0.5796308517456055, -0.23860381543636322]|[5932.68802116238, 9249.380507493019, 9249.732127172678, 5934.60870372165]
1.0|[-144.3234405517578, 314.4787902832031, 314.5826416015625, -144.3153533935547]|[0.2886468768119812, 0.6289575695991516, -0.6291652917861938, -0.2886306941509247]|[6527.349103388421, 9635.274328765036, 9636.865140889035, 6527.166220953821]
1.0|[503.8365173339844, -317.94952392578125, -333.1437072753906, 488.4388732910156]|[-1.0076730251312256, -0.6358990669250488, 0.6662874221801758, 0.976877748966217]|[12195.88230663407, 9688.298107447563, 9917.089008515486, 12008.078390301893]
1.0|[312.29486083984375, -108.33203887939453, -139.720947265625, 280.5028991699219]|[-0.624589741230011, -0.21666407585144043, 0.2794418931007385, 0.5610058307647705]|[9601.759476972022, 5655.185595627591, 6422.426823762148, 9099.90966629097]
1.0|[-32.182430267333984, 231.45327758789062, 205.03089904785156, -59.0028076171875]|[0.06436485797166824, 0.46290653944015503, -0.4100618064403534, -0.11800561845302582]|[3082.32069680948, 8266.088897411379, 7779.972502478734, 4173.541563346087]
1.0|[25.862409591674805, 144.48489379882812, 146.50184631347656, 27.458633422851562]|[-0.05172481760382652, 0.2889697849750519, -0.2930036783218384, 0.054917268455028534]|[2763.140043726022, 6530.999124244274, 6576.426232143165, 2847.1337113015934]
1.0|[71.6149673461914, 22.972970962524414, 99.17532348632812, 147.30947875976562]|[-0.14322993159294128, 0.045945942401885986, -0.19835065305233002, 0.2946189343929291]|[4598.01414655076, 2604.2158979800997, 5410.908835158985, 6594.528513415534]
1.0|[146.7771759033203, 59.02216720581055, 24.081533432006836, 111.47833251953125]|[-0.2935543358325958, 0.11804433912038803, -0.04816306754946709, 0.22295667231082916]|[6582.6030648910355, 4174.226203826725, 2666.308965158807, 5736.719772612867]
1.0|[107.77088165283203, 98.46891021728516, 63.2552375793457, 72.19993591308594]|[-0.2155417650938034, 0.19693781435489655, -0.12651047110557556, 0.14439986646175385]|[5640.519719441436, 5391.6037876907985, 4321.322208699711, 4616.754806810172]
1.0|[114.816650390625, 89.74593353271484, 56.198421478271484, 80.91316223144531]|[-0.22963330149650574, 0.17949186265468597, -0.11239684373140335, 0.16182631254196167]|[5821.981758890683, 5147.256298483793, 4073.150549723217, 4887.4012014250875]
1.0|[92.35643768310547, 94.40862274169922, 78.7068099975586, 76.27244567871094]|[-0.18471287190914154, 0.18881724774837494, -0.15741361677646637, 0.15254488587379456]|[5221.580653768426, 5279.274390159536, 4820.30545165198, 4745.175070849331]
1.0|[35.70092010498047, 83.3983383178711, 133.94064331054688, 85.80653381347656]|[-0.07140184193849564, 0.16679666936397552, -0.26788127422332764, 0.17161306738853455]|[3246.445440628532, 4961.8896640474395, 6288.174632590468, 5033.0191567214815]
1.0|[134.6221160888672, 68.64741516113281, 34.58201599121094, 100.21501159667969]|[-0.2692442238330841, 0.13729482889175415, -0.06916403025388718, 0.2004300206899643]|[6304.151049053416, 4501.740932810272, 3195.1669670614306, 5439.1970738661485]
1.0|[109.98329162597656, 91.67768859863281, 59.99987030029297, 77.94962310791016]|[-0.2199665755033493, 0.1833553910255432, -0.11999974399805069, 0.15589924156665802]|[5698.122224972779, 5202.3579612302365, 4208.657261900135, 4797.062908646197]
1.0|[1745.18017578125, -1568.6285400390625, -1578.30859375, 1735.0185546875]|[-3.4903604984283447, -3.1372570991516113, 3.1566171646118164, 3.4700372219085693]|[22698.049537290695, 21519.3158618067, 21585.61191179684, 22631.871353551494]
1.0|[23.668132781982422, 148.66481018066406, 146.08636474609375, 20.399229049682617]|[-0.047336265444755554, 0.2973296046257019, -0.29217272996902466, 0.04079845920205116]|[2643.3240206026535, 6624.79576999675, 6567.094186266275, 2454.0040842324597]
1.0|[-684.0177001953125, 855.6221313476562, 853.1390991210938, -687.2030639648438]|[1.3680354356765747, 1.7112442255020142, -1.7062782049179077, -1.374406099319458]|[14210.26163196854, 15893.129009275115, 15870.051167788102, 14243.31068687745]
1.0|[-237.42991638183594, 406.19207763671875, 404.8304748535156, -239.47842407226562]|[0.4748598337173462, 0.8123841881752014, -0.8096609711647034, -0.47895684838294983]|[8372.133093232413, 10950.504508685388, 10932.135423670601, 8408.172243916686]
1.0|[88.63133239746094, 79.52478790283203, 78.83541107177734, 87.25714111328125]|[-0.17726266384124756, 0.15904957056045532, -0.15767082571983337, 0.1745142787694931]|[5115.193217248991, 4845.288752797971, 4824.241854675066, 5075.3838550405635]
1.0|[157.8639373779297, 9.7626371383667, 9.667089462280273, 157.09487915039062]|[-0.3157278597354889, 0.019525272771716118, -0.019334180280566216, 0.31418976187705994]|[6826.685084801442, 1697.664932344885, 1689.336917267322, 6810.036164759327]
1.0|[165.8893585205078, 0.9776908159255981, 1.1537926197052002, 165.39892578125]|[-0.33177870512008667, 0.0019553815945982933, -0.002307585207745433, 0.33079785108566284]|[6998.0600993013895, 537.2410284317191, 583.6228436393401, 6987.707963978641]
1.0|[345.0016784667969, -179.6028289794922, -178.39907836914062, 345.5552062988281]|[-0.6900033950805664, -0.3592056632041931, 0.3567981421947479, 0.6911104321479797]|[10092.041040900494, 7281.569357247302, 7257.126730830374, 10100.133735919622]
1.0|[474.12628173828125, -310.36212158203125, -307.81353759765625, 476.0477600097656]|[-0.9482525587081909, -0.6207242608070374, 0.6156270503997803, 0.9520955085754395]|[11830.835583323726, 9572.001543668704, 9532.619583535865, 11854.78459110618]
1.0|[-426.77044677734375, 594.723876953125, 592.9923706054688, -429.1952819824219]|[0.85354083776474, 1.1894477605819702, -1.18598473072052, -0.8583905696868896]|[11224.463002111528, 13250.311599754963, 13231.008757535701, 11256.305555248102]
1.0|[-234.1385040283203, 401.4976806640625, 400.1231384277344, -236.20169067382812]|[0.4682770073413849, 0.8029953837394714, -0.8002462387084961, -0.4724034070968628]|[8313.900519033781, 10887.04265343562, 10868.390578093382, 8350.450480339274]
1.0|[-70.84506225585938, 237.5086669921875, 236.5529022216797, -72.48330688476562]|[0.14169012010097504, 0.47501733899116516, -0.473105788230896, -0.14496661722660065]|[4573.231615005865, 8373.521410130748, 8356.656374217726, 4625.805875414782]
1.0|[95.3061294555664, 70.43255615234375, 70.10072326660156, 94.30181884765625]|[-0.19061225652694702, 0.14086511731147766, -0.14020144939422607, 0.18860363960266113]|[5304.309054666867, 4559.898010620964, 4549.1436760784345, 5276.287339794556]
1.0|[-2123.483642578125, 2374.88623046875, 2297.1025390625, -2203.791748046875]|[4.246967315673828, 4.749772548675537, -4.594205379486084, -4.407583236694336]|[25037.609632513417, 26478.282337525536, 26041.056206337802, 25506.66511805866]
1.0|[-536.0386962890625, 863.485595703125, 714.4937744140625, -682.5222778320312]|[1.0720773935317993, 1.7269712686538696, -1.4289876222610474, -1.3650445938110352]|[12579.589667491424, 15965.99366517635, 14523.377585683624, 14194.719658206403]
1.0|[472.8924255371094, -111.65846252441406, -298.17041015625, 287.9998474121094]|[-0.945784866809845, -0.22331692278385162, 0.5963408350944519, 0.5759996771812439]|[11815.431396845897, 5741.352683074635, 9382.11334540881, 9220.71359998676]
1.0|[256.40740966796875, -165.32186889648438, -76.21546173095703, 342.23724365234375]|[-0.5128148198127747, -0.33064374327659607, 0.152430921792984, 0.684474527835846]|[8700.28921422023, 6986.080040056244, 4743.402154501635, 10051.526887862165]
1.0|[105.91613006591797, -11.038448333740234, 78.46961212158203, 191.8153076171875]|[-0.21183227002620697, -0.022076895460486412, -0.15693922340869904, 0.3836306035518646]|[5591.772013285951, 1805.1879199156285, 4813.036519313863, 7525.061182475813]
1.0|[171.9568328857422, -54.785804748535156, 15.332995414733887, 239.0677947998047]|[-0.34391364455223083, -0.10957161337137222, -0.030665989965200424, 0.4781355857849121]|[7124.889328820628, 4021.632914766451, 2127.560442316061, 8400.960481562186]
1.0|[-46.883426666259766, 246.4475860595703, 230.0965576171875, -64.29014587402344]|[0.09376685321331024, 0.4928951859474182, -0.46019312739372253, -0.12858028709888458]|[3720.300984723648, 8529.63973453382, 8241.826439617776, 4356.529002463843]
1.0|[-62.88216781616211, 232.4586944580078, 247.64349365234375, -49.412349700927734]|[0.12576434016227722, 0.46491739153862, -0.4952869713306427, -0.09882470220327377]|[4308.56011332839, 8284.023098666323, 8550.310085030265, 3819.3209682876704]
1.0|[-168.3525390625, 523.2891235351562, 341.5352478027344, -348.8809509277344]|[0.3367050886154175, 1.046578288078308, -0.6830704808235168, -0.6977618932723999]|[7049.823423134919, 12429.087860982305, 10041.212767494406, 10148.620967349138]
1.0|[379.45098876953125, -287.7286071777344, -200.10008239746094, 463.2679138183594]|[-0.7589020133018494, -0.5754572153091431, 0.40020015835762024, 0.9265357851982117]|[10583.912686442962, 9216.37051145847, 7685.8523604267175, 11694.576923318718]
1.0|[227.83370971679688, -131.29730224609375, -44.18905258178711, 311.2919921875]|[-0.4556674063205719, -0.2625945806503296, 0.08837810158729553, 0.6225839853286743]|[8201.199845025842, 6225.816346057152, 3611.817094585954, 9586.330073787858]
1.0|[53.958038330078125, 74.52342224121094, 131.44882202148438, 108.09386444091797]|[-0.10791607946157455, 0.14904683828353882, -0.26289764046669006, 0.2161877304315567]|[3991.1355708842225, 4690.453114136921, 6229.407670015817, 5648.965543813206]
1.0|[-28.136497497558594, 195.63133239746094, 211.58616638183594, -14.025834083557129]|[0.056272994726896286, 0.39126265048980713, -0.42317232489585876, -0.028051668778061867]|[2882.0626762572515, 7599.545339885664, 7903.364992233346, 2034.8516496374798]
1.0|[-64.47633361816406, 260.8424377441406, 245.86419677734375, -80.6683120727539]|[0.12895266711711884, 0.5216848850250244, -0.49172839522361755, -0.16133663058280945]|[4362.832813680228, 8775.21021762976, 8519.538096247152, 4880.000751276591]
1.0|[120.75602722167969, 32.30561828613281, 40.983699798583984, 125.55717468261719]|[-0.24151206016540527, 0.06461124122142792, -0.08196739852428436, 0.2511143386363983]|[5970.666480570786, 3088.214321242968, 3478.3556483000434, 6088.20365195011]
1.0|[363.9696960449219, -133.67025756835938, -191.38246154785156, 301.9933776855469]|[-0.7279393672943115, -0.2673405110836029, 0.38276493549346924, 0.6039867401123047]|[10365.756841193304, 6281.824462640557, 7516.56594609959, 9442.067781747552]
1.0|[519.3052978515625, -284.7931213378906, -342.9024658203125, 456.27825927734375]|[-1.038610577583313, -0.5695862770080566, 0.6858049035072327, 0.912556529045105]|[12381.685843344907, 9169.236018867454, 10061.290951494224, 11606.019395601083]
1.0|[-69.4970932006836, 279.7486572265625, 245.78834533691406, -108.74127197265625]|[0.13899417221546173, 0.5594972968101501, -0.4915767014026642, -0.2174825370311737]|[4529.515227626477, 9087.667094806571, 8518.223815652924, 5665.856989024976]
1.0|[-395.10479736328125, 508.0500183105469, 568.1868286132812, -340.9363098144531]|[0.7902095913887024, 1.0161000490188599, -1.1363736391067505, -0.6818726062774658]|[10800.019893545288, 12246.772199640169, 12951.318537151048, 10032.404448602796]
1.0|[-308.8565368652344, 379.0621643066406, 480.424072265625, -213.8016815185547]|[0.6177130341529846, 0.7581243515014648, -0.9608481526374817, -0.4276033639907837]|[9548.756149887557, 10578.48861447632, 11909.150512421404, 7944.635238526801]
1.0|[-364.98663330078125, 232.4696502685547, 533.653564453125, -68.02667999267578]|[0.7299732565879822, 0.46493929624557495, -1.0673071146011353, -0.13605336844921112]|[14222.365119121088, 11586.992185731237, 12339.374969995684, 13528.37352993919]
1.0|[595.1393432617188, -362.8587341308594, -425.3612060546875, 528.3961181640625]|[-1.1902786493301392, -0.7257174253463745, 0.8507224321365356, 1.0567922592163086]|[13254.939038770517, 10349.924805859706, 11205.915501663521, 12489.590901142217]
1.0|[306.0023498535156, -68.4298324584961, -132.84652709960938, 237.12522888183594]|[-0.6120046973228455, -0.13685967028141022, 0.2656930387020111, 0.474250465631485]|[9504.533040590064, 4494.600981962807, 6262.438973111269, 8366.759500812488]
1.0|[-106.25200653076172, 299.67474365234375, 280.8354187011719, -130.195556640625]|[0.21250401437282562, 0.5993494987487793, -0.5616708397865295, -0.26039111614227295]|[5600.631183268646, 9405.750953024975, 9105.301770046803, 6199.640195485275]
1.0|[-234.30206298828125, 380.3737487792969, 407.03839111328125, -213.05511474609375]|[0.46860411763191223, 0.7607475519180298, -0.8140767812728882, -0.4261102080345154]|[8316.803876459217, 10596.774006231555, 10961.906426353255, 7930.75230868929]
1.0|[-285.6187744140625, 397.6680908203125, 456.7881774902344, -232.10560607910156]|[0.5712375640869141, 0.7953361868858337, -0.9135763645172119, -0.46421122550964355]|[9182.517815807681, 10834.996519122955, 11612.5027947206, 8277.72928407659]
1.0|[643.3193969726562, -415.40655517578125, -475.5726318359375, 579.2037963867188]|[-1.2866387367248535, -0.8308131098747253, 0.9511452317237854, 1.1584075689315796]|[13781.031553199906, 11074.014217164053, 11848.867171947439, 13076.276760488652]
1.0|[427.9852294921875, -192.78733825683594, -257.64910888671875, 359.04779052734375]|[-0.8559704422950745, -0.38557466864585876, 0.5152981877326965, 0.718095600605011]|[11240.426612610247, 7544.10384074204, 8721.330132782612, 10295.431022934581]
1.0|[2390.452392578125, -2210.959716796875, -2231.8037109375, 2365.8349609375]|[-4.780904769897461, -4.421919345855713, 4.463607311248779, 4.731669902801514]|[26564.916394214797, 25548.112444619182, 25668.25834308154, 26427.77657941824]
1.0|[1516.3155517578125, -1360.5552978515625, -1346.260986328125, 1525.6138916015625]|[-3.0326309204101562, -2.7211105823516846, 2.692521810531616, 3.051227569580078]|[21157.443930261143, 20041.32832487542, 19935.770903485787, 21222.21555040185]
1.0|[-817.521728515625, 979.0169677734375, 987.23681640625, -815.065185546875]|[1.6350435018539429, 1.9580339193344116, -1.9744737148284912, -1.630130410194397]|[15535.24319227604, 17000.57119906884, 17071.79061198388, 15511.884972598305]
1.0|[354.6253967285156, -197.0653076171875, -191.19515991210938, 354.8916320800781]|[-0.709250807762146, -0.3941305875778198, 0.3823903203010559, 0.7097832560539246]|[10231.830130031734, 7627.34677301145, 7512.886900184204, 10235.670187502665]
1.0|[1153.295166015625, -964.0296020507812, -988.8527221679688, 1121.7935791015625]|[-2.3065903186798096, -1.9280592203140259, 1.977705478668213, 2.243587017059326]|[18451.795803442365, 16869.941978252973, 17085.756423049035, 18198.051047248282]
1.0|[-864.1504516601562, 1009.2481079101562, 1028.93896484375, -849.0692138671875]|[1.7283008098602295, 2.01849627494812, -2.057877779006958, -1.6981384754180908]|[15972.139131597065, 17261.05657239386, 17428.628424031747, 15832.152012716333]
1.0|[-935.1194458007812, 1078.5411376953125, 1098.895263671875, -919.3634033203125]|[1.8702389001846313, 2.1570823192596436, -2.1977903842926025, -1.8387268781661987]|[16615.06130771444, 17843.775941070577, 18011.36199253856, 16474.491174162835]
1.0|[-533.196044921875, 674.589111328125, 696.9353637695312, -515.487060546875]|[1.0663920640945435, 1.3491781949996948, -1.3938707113265991, -1.03097403049469]|[12546.19009878164, 14111.983741513022, 14343.814330320925, 12336.083153997632]
1.0|[-637.7960205078125, 779.9246215820312, 801.469482421875, -620.8258056640625]|[1.2755920886993408, 1.5598492622375488, -1.6029390096664429, -1.2416516542434692]|[13721.743808317206, 15173.812715592554, 15381.9678457139, 13537.961802506039]
1.0|[-405.311279296875, 546.545654296875, 569.1726684570312, -387.3369140625]|[0.8106225728988647, 1.0930912494659424, -1.1383453607559204, -0.7746738195419312]|[10938.625374252317, 12702.278389904499, 12962.54934338536, 10693.32701016308]
1.0|[9.264830589294434, 134.03555297851562, 154.66644287109375, 24.995920181274414]|[-0.018529660999774933, 0.26807108521461487, -0.30933287739753723, 0.04999184235930443]|[1653.8158324757808, 6290.402122564057, 6757.195010565603, 2716.457836901257]
1.0|[338.8623352050781, -187.027587890625, -175.0632781982422, 345.51934814453125]|[-0.6777246594429016, -0.3740551769733429, 0.35012656450271606, 0.6910386681556702]|[10001.843474040572, 7430.5547820121255, 7188.957768415946, 10099.609678484761]
1.0|[331.4267272949219, -179.78662109375, -167.83306884765625, 338.10382080078125]|[-0.662853479385376, -0.35957324504852295, 0.33566612005233765, 0.6762076020240784]|[9891.500292663994, 7285.294111562626, 7038.938518503295, 9990.643066425173]
1.0|[-2423.285400390625, 2558.224365234375, 2578.11767578125, -2407.418212890625]|[4.8465704917907715, 5.116448879241943, -5.156235218048096, -4.814836502075195]|[26746.729584129276, 27481.32824398613, 27587.971725424875, 26659.01965714184]
1.0|[72.78278350830078, 35.48351287841797, 84.68052673339844, 117.90609741210938]|[-0.14556555449962616, 0.07096702605485916, -0.16936105489730835, 0.23581218719482422]|[4635.352161400361, 3236.545436553646, 4999.886887314007, 5899.789768892657]
1.0|[988.537353515625, -827.4241333007812, -833.26416015625, 978.5360107421875]|[-1.9770746231079102, -1.6548482179641724, 1.666528344154358, 1.9570720195770264]|[17083.031678736592, 15629.046951696319, 15684.105513083401, 16996.39479100727]
1.0|[44.7297477722168, 118.4986801147461, 110.05277252197266, 32.09199142456055]|[-0.08945950120687485, 0.23699736595153809, -0.22010554373264313, 0.06418398767709732]|[3633.8469234077234, 5914.597025173573, 5699.921807997547, 3077.986691676193]
1.0|[-40.38712692260742, 202.69888305664062, 195.3298797607422, -51.917335510253906]|[0.08077425509691238, 0.40539777278900146, -0.39065977931022644, -0.10383467376232147]|[3452.946771722683, 7735.601372516185, 7593.687929012796, 3914.935414400216]
1.0|[258.9592590332031, -97.2981948852539, -104.0820083618164, 248.01953125]|[-0.5179185271263123, -0.19459637999534607, 0.2081640213727951, 0.4960390627384186]|[8743.476072163341, 5359.457058308501, 5543.1449575102715, 8556.799289302526]
1.0|[116.67801666259766, 42.03718185424805, 37.88251495361328, 108.3267822265625]|[-0.2333560436964035, 0.08407436311244965, -0.07576503604650497, 0.21665357053279877]|[5868.983966982283, 3522.7773938272016, 3344.1658348668734, 5655.048389181962]
1.0|[-25.24140167236328, 180.1903533935547, 179.59164428710938, -30.06299591064453]|[0.05048280581831932, 0.36038070917129517, -0.35918331146240234, -0.06012599170207977]|[2729.764225898512, 7293.469522822945, 7281.342625347334, 2979.096236674031]
1.0|[-27.73450469970703, 179.6531982421875, 181.9334716796875, -29.698345184326172]|[0.05546901002526283, 0.3593063950538635, -0.363866925239563, -0.059396691620349884]|[2861.400252788754, 7282.590336623535, 7328.662254098754, 2960.97355997464]
1.0|[-110.66630554199219, 241.1034698486328, 264.60321044921875, -91.570556640625]|[0.2213326096534729, 0.48220694065093994, -0.5292064547538757, -0.18314111232757568]|[5715.787968017298, 8436.651977598574, 8838.243420258766, 5199.317408392547]
1.0|[313.6614074707031, -153.0712432861328, -159.9839630126953, 302.6531982421875]|[-0.6273228526115417, -0.3061424791812897, 0.31996792554855347, 0.6053063869476318]|[9622.744339296074, 6722.258497986292, 6872.371518709852, 9452.377065984554]
1.0|[285.0867004394531, -124.45559692382812, -131.58399963378906, 273.8680725097656]|[-0.5701733827590942, -0.24891120195388794, 0.26316797733306885, 0.5477361679077148]|[9173.960856815782, 6061.437340840578, 6232.609905160732, 8991.644057359377]
1.0|[220.3429718017578, -59.54434585571289, -66.97097778320312, 208.82150268554688]|[-0.4406859576702118, -0.11908869445323944, 0.13394196331501007, 0.4176430106163025]|[8065.253183542924, 4192.6505695697215, 4446.432705334103, 7851.561057366578]
1.0|[172.6589813232422, -12.284602165222168, -19.44632911682129, 161.39697265625]|[-0.3453179597854614, -0.024569204077124596, 0.038892656564712524, 0.32279396057128906]|[7139.420979976762, 1904.3595678677934, 2396.0022404353294, 6902.653865316893]
1.0|[195.630126953125, -35.2476692199707, -42.63069152832031, 184.16136169433594]|[-0.3912602365016937, -0.07049533724784851, 0.08526138216257095, 0.3683227300643921]|[7599.521926348361, 3225.7715411577087, 3547.558720356567, 7373.397761104348]
1.0|[379.0456848144531, -210.33755493164062, -225.2313995361328, 359.89141845703125]|[-0.758091390132904, -0.420675128698349, 0.45046278834342957, 0.719782829284668]|[10578.258665365545, 7880.010833731417, 8154.228396992333, 10307.5191313241]
1.0|[34.0582275390625, 132.15277099609375, 119.71420288085938, 17.333662033081055]|[-0.0681164562702179, 0.26430556178092957, -0.23942840099334717, 0.034667324274778366]|[3170.8772151559638, 6246.06559717647, 5944.854682103053, 2262.109201303704]
1.0|[-10.832648277282715, 176.78424072265625, 164.40809631347656, -27.474424362182617]|[0.021665295585989952, 0.3535684645175934, -0.3288162052631378, -0.054948847740888596]|[1788.280847101015, 7224.206936505941, 6966.746439660011, 2847.952259936431]
1.0|[52.95994567871094, 97.35604858398438, 100.34483337402344, 51.679927825927734]|[-0.10591989010572433, 0.1947121024131775, -0.2006896585226059, 0.10335985571146011]|[3484.076958537165, 5456.6411081341885, 5752.145359614988, 3766.8853821278667]
1.0|[21.846803665161133, 96.14115142822266, 130.82289123535156, 52.274757385253906]|[-0.04369360953569412, 0.1922822892665863, -0.2616457939147949, 0.10454951226711273]|[2539.582682042702, 5327.495156624452, 6214.55842745661, 3928.388372603028]
1.0|[-18.993064880371094, 99.34529876708984, 171.17648315429688, 48.56763458251953]|[0.03798612952232361, 0.19869059324264526, -0.342352956533432, 0.0971352681517601]|[2367.914025340756, 5415.543692798636, 7108.704372617547, 3786.534168730919]
1.0|[nan, nan, nan, nan]|[nan, nan, nan, nan]|[nan, nan, nan, nan]
1.0|[nan, nan, nan, nan]|[nan, nan, nan, nan]|[nan, nan, nan, nan]
1.0|[nan, nan, nan, nan]|[nan, nan, nan, nan]|[nan, nan, nan, nan]
1.0|[nan, nan, nan, nan]|[nan, nan, nan, nan]|[nan, nan, nan, nan]
1.0|[nan, nan, nan, nan]|[nan, nan, nan, nan]|[nan, nan, nan, nan]
