path_num|points|times
1|-2,-2,1;1,0,1;0,1,1;2,0,1;-2,-1,1;,0,-2,1;-1,0,1;-2,2,1;,2,-2,1;-1,2,1;,0,-1,1;1,2,1;-1,1,1|44,52,44,47,51,40,64,45,44,69,49,58,56
2|-1,1,1;,2,-1,1;-2,-2,1;-1,-1,1;2,2,1;,0,-2,1;,1,-1,1;2,1,1;-2,0,1;,0,-1,1;-2,2,1;,2,-2,1;1,2,1|51,53,46,52,43,61,44,48,48,43,53,68,50
3|1,2,1;,0,-2,1;-1,1,1;1,0,1;2,1,1;-1,-1,1;2,2,1;-1,0,1;,2,-1,1;-1,2,1;,1,-1,1;-2,2,1|62,53,50,46,58,65,43,61,61,50,47,46
4|-2,2,1;,2,-2,1;-1,1,1;,0,-2,1;2,1,1;-1,-1,1;-2,-2,1;1,2,1;0,0,1;1,1,1;-1,-2,1;-2,1,1;,2,-1,1|49,44,55,60,50,54,40,49,63,60,60,43,50
5|2,-1,1;-1,0,1;-2,-1,1;-1,2,1;-2,1,1;,2,-2,1;,1,-1,1;0,0,1;,1,-2,1;-1,1,1;2,0,1;0,2,1;-1,-2,1|43,60,40,45,58,52,50,42,47,66,43,47,59
6|-1,-2,1;-2,0,1;,1,-1,1;0,0,1;-2,2,1;,2,-1,1;-2,1,1;2,0,1;,0,-1,1;1,1,1;,0,-2,1;2,2,1;-1,0,1|65,45,68,51,60,47,48,67,47,41,42,50,40
7|-1,0,1;-2,2,1;,0,-2,1;-1,1,1;2,2,1;-2,0,1;,1,-2,1;,0,-1,1;-1,2,1;0,0,1;-1,-1,1;,2,-2,1|63,55,53,50,66,51,60,49,49,55,67,68
8|2,-2,1;,0,-1,1;-2,0,1;-1,2,1;2,1,1;1,2,1;-2,1,1;,1,-1,1;2,2,1;1,0,1;0,1,1|65,50,59,67,69,69,52,47,45,66,58
9|0,1,1;,2,-1,1;-2,0,1;,0,-1,1;2,2,1;-2,-1,1;,2,-2,1;-1,-1,1;,0,-2,1;2,1,1;-2,2,1;-1,-2,1;1,1,1|56,54,54,45,52,40,50,67,46,50,44,49,43
10|1,1,1;-1,-2,1;2,2,1;1,0,1;2,1,1;-2,0,1;1,2,1;,2,-2,1;-1,1,1;-2,-1,1;-1,2,1;,0,-2,1|69,61,40,65,47,53,53,58,43,66,62,44
11|0,-2,1;2,2,1;1,0,1;,2,-1,1;-1,2,1;2,1,1;-2,0,1;1,2,1;-1,-1,1;2,0,1;-2,1,1;,1,-2,1;0,1,1|51,41,49,41,64,58,45,51,47,63,58,67,47
12|0,1,1;-2,-2,1;0,2,1;,2,-1,1;-2,1,1;,2,-2,1;,0,-1,1;-2,0,1;-1,-2,1;-2,2,1;,1,-1,1|55,69,41,58,47,65,64,61,57,68,59
13|1,-1,1;-2,2,1;-1,0,1;-2,-2,1;-1,1,1;0,2,1;2,0,1;1,1,1;0,0,1;-2,-1,1;,2,-2,1;0,1,1|60,54,66,59,41,52,64,40,63,57,60,53
14|0,1,1;-1,0,1;,0,-2,1;-1,-1,1;-2,2,1;2,1,1;-1,-2,1;-2,0,1;,1,-1,1;2,2,1;0,0,1;-2,-2,1|51,51,41,44,66,69,55,41,66,46,58,58
15|-2,-2,1;,1,-1,1;0,1,1;,1,-2,1;-1,0,1;0,2,1;-2,0,1;,0,-1,1;,2,-2,1;1,1,1;-1,-2,1;-2,1,1|46,67,40,43,66,55,40,54,60,58,69,61
16|-2,1,1;,0,-1,1;-1,2,1;2,0,1;,1,-2,1;0,2,1;2,1,1;0,0,1;2,2,1;-1,1,1;-2,-2,1;1,1,1;-2,2,1|59,50,53,52,69,41,50,58,52,56,51,40,51
17|-2,2,1;-1,0,1;2,1,1;,1,-1,1;-2,-2,1;-1,-1,1;1,0,1;,2,-2,1;1,2,1;-1,1,1;,2,-1,1;1,1,1|55,44,58,69,48,63,69,64,50,47,60,59
18|1,1,1;2,0,1;0,1,1;,2,-1,1;,0,-2,1;-2,-1,1;2,1,1;-2,0,1;,1,-2,1;0,2,1;-2,1,1;2,2,1|60,69,62,58,58,61,44,42,60,56,42,52
19|2,2,1;-1,-2,1;-2,-1,1;1,1,1;-2,-2,1;0,0,1;1,2,1;-2,0,1;,0,-2,1;-2,1,1;0,2,1;,1,-2,1|47,46,65,65,53,69,44,55,42,50,63,55
20|1,-2,1;0,0,1;-2,-2,1;2,0,1;-1,2,1;,0,-1,1;,2,-2,1;1,2,1;0,1,1;-2,2,1;1,0,1;,0,-2,1;2,1,1|56,58,45,54,59,62,59,51,40,55,61,52,42
21|2,1,1;-1,-1,1;1,1,1;,0,-2,1;,2,-1,1;-2,1,1;-1,0,1;-2,2,1;0,0,1;-2,-2,1;-1,2,1;,1,-1,1;0,1,1|61,51,57,46,44,44,67,40,49,68,50,69,45
22|0,1,1;-2,0,1;0,2,1;,1,-1,1;-1,2,1;,0,-2,1;,2,-1,1;1,1,1;-2,2,1;,0,-1,1;-1,0,1;1,2,1|40,61,68,55,66,57,55,54,66,61,52,51
23|1,2,1;2,0,1;-1,1,1;,2,-2,1;0,2,1;-2,0,1;2,1,1;0,0,1;,2,-1,1;1,1,1;-1,2,1;,1,-2,1|68,43,65,41,61,66,48,65,48,56,45,43
24|1,-2,1;0,1,1;2,2,1;-2,1,1;0,0,1;-2,-1,1;1,2,1;2,1,1;-1,2,1;-2,0,1;,2,-2,1;-2,2,1|54,42,59,66,55,53,55,58,69,47,58,46
25|-2,2,1;-1,1,1;-2,-1,1;0,2,1;-2,-2,1;1,2,1;2,0,1;-1,2,1;1,0,1;,2,-2,1;-2,1,1;0,0,1;2,2,1|50,48,56,48,69,48,40,40,61,44,48,50,69
26|2,2,1;-1,1,1;2,0,1;-2,-1,1;-1,-2,1;0,1,1;-2,0,1;1,1,1;,0,-2,1;2,1,1;-2,2,1;0,0,1|69,56,49,61,69,64,56,61,40,43,53,57
27|0,0,1;2,1,1;-1,0,1;-2,-2,1;0,2,1;,1,-1,1;-1,1,1;,0,-2,1;2,0,1;1,1,1;-1,-2,1;1,2,1;0,1,1|68,42,57,45,68,55,65,40,47,43,62,57,40
28|0,1,1;,1,-1,1;-2,-2,1;1,1,1;,0,-1,1;,2,-2,1;-1,0,1;0,2,1;-1,-1,1;2,0,1;-1,-2,1;,2,-1,1;1,2,1|61,52,68,44,57,57,55,41,58,54,50,48,40
29|1,2,1;-1,-2,1;,2,-1,1;-2,2,1;,1,-1,1;-1,0,1;2,2,1;,0,-1,1;2,0,1;-1,1,1;-2,0,1;1,1,1|45,60,40,63,47,53,59,60,58,67,46,64
30|1,1,1;,0,-1,1;2,0,1;,0,-2,1;-1,-1,1;-2,2,1;2,1,1;1,2,1;-1,-2,1;,2,-1,1;-1,1,1;,1,-2,1|44,52,65,60,48,41,58,69,50,63,51,58
31|1,-2,1;-2,2,1;2,0,1;-1,1,1;0,2,1;-2,0,1;0,1,1;-1,0,1;,0,-1,1;1,0,1;2,1,1;0,0,1|68,50,50,50,67,52,41,58,57,57,57,54
32|0,0,1;,2,-1,1;0,2,1;1,0,1;-2,-2,1;1,1,1;-1,-1,1;,0,-2,1;-1,1,1;,1,-2,1;-2,1,1;2,2,1|49,47,63,47,58,50,62,61,54,43,66,48
33|2,2,1;1,0,1;-1,-1,1;2,1,1;-2,-2,1;1,2,1;-2,1,1;2,0,1;-2,-1,1;-1,0,1;0,1,1;-1,2,1|65,50,64,59,50,56,60,40,43,59,47,69
34|-1,2,1;-2,-2,1;,2,-1,1;-2,2,1;0,1,1;-1,-1,1;2,0,1;-1,1,1;,2,-2,1;,1,-1,1;-2,1,1;-1,0,1|45,53,61,46,67,54,66,56,52,60,68,51
35|-1,0,1;0,2,1;-1,-1,1;-2,0,1;0,1,1;-1,2,1;-2,-2,1;1,1,1;-2,-1,1;1,2,1;0,0,1;-2,1,1;,0,-2,1|53,40,61,59,53,41,44,43,49,56,58,43,54
36|0,-2,1;-1,-1,1;1,1,1;-1,-2,1;0,2,1;,1,-1,1;-1,0,1;,0,-1,1;2,1,1;-1,2,1;-2,-1,1;,2,-2,1|59,52,62,57,57,67,42,55,60,49,43,59
37|2,-2,1;-2,0,1;1,2,1;-1,-2,1;-2,2,1;2,1,1;,0,-1,1;-2,-2,1;-1,-1,1;,1,-2,1;0,1,1;,2,-1,1;-1,1,1;2,0,1|45,54,41,43,40,40,58,53,58,52,41,61,42,57
38|2,0,1;-1,-2,1;,2,-1,1;-1,0,1;2,2,1;,1,-2,1;-1,1,1;1,2,1;2,1,1;,0,-1,1;-2,0,1;,2,-2,1|44,46,64,62,61,56,56,57,52,48,63,48
39|2,-2,1;1,0,1;-2,-1,1;0,1,1;-1,2,1;,0,-1,1;1,2,1;-2,0,1;1,1,1;-2,-2,1;2,2,1;,1,-1,1|48,43,44,65,46,63,64,65,61,50,57,65
40|1,-1,1;-1,1,1;0,2,1;2,0,1;,0,-1,1;-1,-2,1;0,0,1;2,1,1;-2,-1,1;-1,2,1;,2,-2,1;-2,0,1;0,1,1|44,58,46,41,43,51,67,51,40,53,67,51,40
41|0,1,1;-1,-2,1;-2,1,1;0,2,1;2,0,1;-1,-1,1;-2,-2,1;2,2,1;1,0,1;,2,-1,1;,0,-2,1;,1,-1,1|47,59,42,55,51,58,69,56,69,69,58,61
42|1,-1,1;0,2,1;-2,0,1;2,1,1;-2,-2,1;0,1,1;,1,-2,1;-1,-1,1;2,0,1;1,1,1;-1,-2,1;-2,-1,1;-1,1,1|41,40,57,51,67,42,61,67,44,47,67,66,49
43|-1,1,1;2,0,1;,1,-1,1;-1,-2,1;1,1,1;,2,-1,1;0,2,1;-1,0,1;,2,-2,1;-1,2,1;1,0,1;-2,-1,1|47,42,48,64,54,53,65,67,51,61,62,67
44|-2,-1,1;1,2,1;-2,0,1;-1,2,1;0,1,1;1,0,1;,2,-2,1;-1,0,1;0,2,1;-2,1,1;2,2,1;0,0,1;,1,-2,1|52,62,51,65,56,50,43,44,44,53,55,44,47
45|1,-2,1;0,2,1;-2,-1,1;2,1,1;1,0,1;,0,-1,1;-2,2,1;,2,-1,1;-2,-2,1;-1,2,1;,0,-2,1;2,2,1|57,62,67,68,53,43,58,59,60,62,42,56
46|2,2,1;-1,1,1;,1,-1,1;-2,1,1;1,0,1;0,2,1;,2,-1,1;-1,2,1;,2,-2,1;-1,0,1;,0,-2,1;1,1,1|52,67,54,63,54,58,43,49,69,47,64,56
47|1,1,1;0,0,1;1,2,1;,2,-1,1;1,0,1;-2,2,1;,1,-2,1;-2,1,1;2,2,1;,0,-1,1;,2,-2,1;,1,-1,1;0,1,1|66,55,49,68,41,60,52,51,55,46,43,51,46
48|0,1,1;-1,-2,1;1,1,1;2,0,1;-2,-1,1;0,0,1;-1,-1,1;-2,0,1;2,1,1;-2,2,1;,1,-2,1;-1,2,1|44,68,42,45,48,45,67,64,50,48,68,56
49|-1,2,1;,1,-2,1;,2,-1,1;1,0,1;-1,1,1;-2,0,1;-1,-2,1;,1,-1,1;2,2,1;-2,-1,1;1,2,1;,0,-1,1;,2,-2,1|53,42,42,69,68,61,41,68,42,40,65,50,51
50|2,-2,1;0,2,1;-1,0,1;,1,-1,1;2,0,1;1,1,1;0,0,1;-1,2,1;-2,1,1;,0,-1,1;2,1,1;-2,-1,1|45,67,66,62,53,56,44,40,61,40,69,68
51|-2,-1,1;1,1,1;,2,-1,1;-2,2,1;1,0,1;-1,2,1;,0,-2,1;-1,0,1;2,2,1;-2,0,1;1,2,1;,0,-1,1|56,44,60,69,47,58,68,48,61,57,57,59
52|0,-1,1;-2,2,1;1,1,1;-1,2,1;0,0,1;2,1,1;1,0,1;-1,1,1;0,2,1;-1,-1,1;2,0,1;,1,-2,1|44,43,68,45,54,51,57,65,68,56,64,52
53|1,-2,1;,2,-1,1;-2,2,1;0,1,1;,2,-2,1;1,2,1;-1,0,1;-2,-2,1;-1,-1,1;0,2,1;-2,-1,1;-1,1,1;0,0,1|51,45,50,60,58,47,47,45,65,45,66,43,52
54|0,0,1;-2,1,1;2,2,1;0,1,1;-1,-1,1;-2,0,1;,0,-2,1;1,1,1;-2,2,1;2,0,1;-1,2,1;,2,-1,1;-1,0,1|65,48,58,69,57,52,46,58,49,55,45,40,44
55|-1,0,1;-2,-1,1;0,2,1;1,0,1;,2,-1,1;1,1,1;-2,2,1;,2,-2,1;-1,-1,1;2,1,1;1,2,1;2,0,1;0,1,1|50,68,40,47,68,62,58,40,56,55,41,43,58
56|0,1,1;-2,2,1;,0,-1,1;,2,-2,1;-1,-1,1;-2,-2,1;1,1,1;-1,2,1;-2,1,1;,2,-1,1;0,2,1|41,63,65,58,69,68,56,65,64,55,66
57|0,2,1;1,0,1;,0,-1,1;1,2,1;,2,-2,1;-1,2,1;,1,-2,1;-1,1,1;,2,-1,1;0,0,1;-2,-1,1;2,1,1;-2,0,1|51,40,50,46,62,56,64,55,42,48,51,58,55
58|-2,0,1;,1,-1,1;0,1,1;,1,-2,1;,0,-1,1;-2,2,1;0,0,1;-1,1,1;-2,-1,1;2,0,1;1,1,1;0,2,1;-2,1,1|43,47,43,57,50,63,59,42,43,67,61,41,57
59|-2,1,1;-1,-2,1;,1,-1,1;-2,-2,1;,2,-1,1;0,0,1;1,2,1;-1,1,1;,0,-2,1;-1,2,1;1,1,1;-2,2,1|60,60,45,60,66,44,40,48,59,63,66,54
60|-2,2,1;-1,-1,1;-2,1,1;-1,0,1;,0,-1,1;-1,-2,1;,2,-1,1;-2,-2,1;1,2,1;-2,-1,1;2,2,1;0,1,1|58,54,66,55,52,51,54,46,53,56,69,69
61|0,1,1;-1,2,1;,0,-1,1;-1,-2,1;1,0,1;-2,2,1;,1,-1,1;0,2,1;-2,-2,1;-1,-1,1;,2,-2,1;-1,1,1|49,48,53,67,45,59,48,67,59,61,68,57
62|-1,1,1;,1,-2,1;,2,-1,1;-2,-2,1;,1,-1,1;2,2,1;-1,0,1;2,1,1;-1,-1,1;0,2,1;2,0,1;-1,-2,1|61,61,58,61,50,49,53,54,62,56,69,65
63|-1,-2,1;,2,-1,1;-1,1,1;2,0,1;-2,2,1;,1,-2,1;,0,-1,1;,2,-2,1;1,0,1;0,2,1;-2,-1,1;0,0,1;2,1,1|56,57,45,60,41,59,69,45,42,59,40,50,62
64|2,1,1;-1,-2,1;,0,-1,1;-1,0,1;-2,-1,1;,0,-2,1;2,0,1;-2,-2,1;0,1,1;-1,2,1;-2,0,1;,1,-1,1;-2,2,1|55,44,45,61,53,50,68,40,63,45,41,65,50
65|-2,2,1;,0,-2,1;1,2,1;-2,-1,1;0,2,1;1,0,1;2,1,1;0,0,1;-1,-2,1;-2,0,1;,2,-1,1;0,1,1|62,62,40,52,59,44,64,50,54,55,69,54
66|0,1,1;,1,-1,1;2,2,1;1,0,1;2,1,1;1,2,1;2,0,1;0,2,1;-1,-1,1;1,1,1;-2,-2,1;,0,-1,1|55,66,66,57,42,65,62,61,45,42,42,43
67|0,-1,1;-1,1,1;0,0,1;-2,1,1;,1,-1,1;2,2,1;,1,-2,1;-2,2,1;2,0,1;,0,-2,1;-1,2,1;-2,-1,1;0,2,1|69,46,62,43,49,59,53,53,52,48,65,53,43
68|0,2,1;-2,1,1;1,0,1;,0,-2,1;1,1,1;0,0,1;,2,-1,1;-2,-2,1;,0,-1,1;-1,-2,1;2,1,1;-2,0,1;,1,-1,1|58,48,40,52,43,57,52,68,40,59,66,62,51
69|1,-1,1;-1,-2,1;-2,-1,1;,1,-2,1;0,0,1;2,1,1;-1,-1,1;-2,1,1;1,0,1;-2,-2,1;2,2,1;,0,-1,1;-1,0,1;1,1,1|56,47,61,40,45,47,41,44,61,44,60,44,46,62
70|1,1,1;,0,-1,1;-2,0,1;-1,-1,1;2,0,1;0,2,1;,2,-2,1;-2,2,1;-1,1,1;1,0,1;-2,-2,1;-1,0,1;,0,-2,1|62,50,68,50,40,48,46,54,62,50,61,52,44
71|0,-2,1;1,1,1;-1,-1,1;2,0,1;,1,-2,1;0,0,1;-1,1,1;,2,-2,1;-1,2,1;,1,-1,1;0,2,1;2,1,1;-2,0,1|42,43,59,64,62,64,55,45,55,43,47,55,46
72|-2,0,1;,2,-2,1;-2,1,1;,2,-1,1;-1,2,1;2,1,1;,1,-1,1;0,2,1;-1,-1,1;-2,-2,1;0,0,1;-1,-2,1|64,67,61,63,41,59,50,47,53,66,48,51
73|-1,-2,1;1,2,1;,0,-1,1;,1,-2,1;-2,1,1;-1,0,1;,2,-1,1;0,2,1;-2,0,1;-1,1,1;,0,-2,1;2,1,1|65,66,43,52,43,61,56,55,65,49,44,53
74|2,1,1;1,2,1;-1,0,1;-2,-1,1;1,0,1;-2,-2,1;2,2,1;-2,0,1;,1,-1,1;0,1,1;,2,-2,1;-1,-1,1|65,59,66,61,52,52,55,43,62,42,64,56
75|-1,-1,1;,0,-2,1;1,2,1;-2,-2,1;2,1,1;-1,0,1;0,1,1;,1,-2,1;,2,-1,1;0,2,1;-1,1,1;-2,2,1|44,46,68,59,52,47,58,43,59,69,62,67
76|-2,2,1;1,1,1;,0,-2,1;-1,1,1;0,2,1;-1,0,1;,1,-2,1;0,1,1;2,0,1;-2,1,1;,1,-1,1;,2,-2,1|44,44,45,50,47,68,51,65,53,56,69,68
77|2,-2,1;-2,-1,1;0,2,1;-1,0,1;1,2,1;2,1,1;,1,-2,1;-1,1,1;2,0,1;1,1,1;-1,-1,1|69,63,59,63,51,64,69,51,42,56,62
78|-1,-1,1;0,0,1;2,2,1;1,1,1;-2,-1,1;-1,2,1;1,0,1;-2,-2,1;,1,-1,1;0,1,1;-1,0,1;2,1,1;,0,-1,1|53,46,43,54,68,43,55,59,55,43,57,65,40
79|0,-1,1;2,0,1;-2,-2,1;0,1,1;-1,-2,1;-2,2,1;,0,-2,1;-2,1,1;-1,0,1;,2,-2,1;0,0,1;2,1,1;-1,2,1|52,46,41,59,50,53,61,42,68,58,57,46,40
80|-1,2,1;1,1,1;-1,0,1;0,2,1;,2,-1,1;,0,-2,1;-1,1,1;2,0,1;,0,-1,1;-2,2,1;-1,-2,1;0,1,1|42,40,58,62,66,67,67,55,51,61,64,49
81|0,1,1;-1,0,1;1,1,1;,2,-1,1;-1,-2,1;-2,-1,1;-1,2,1;,2,-2,1;1,0,1;0,2,1;-1,-1,1;1,2,1;,0,-2,1|50,48,62,49,49,57,50,43,53,54,45,67,56
82|0,-2,1;-1,1,1;,2,-1,1;1,0,1;-1,-1,1;,1,-2,1;-1,0,1;-2,2,1;,1,-1,1;2,2,1;-2,-2,1;1,2,1|49,47,46,62,56,53,67,68,62,41,47,57
83|1,2,1;0,0,1;1,1,1;-1,-2,1;,1,-1,1;,2,-2,1;-1,1,1;,0,-1,1;2,2,1;-2,-2,1;-1,-1,1;0,1,1;2,0,1|45,47,49,45,40,52,50,49,65,48,51,48,61
84|2,0,1;-1,-1,1;,2,-2,1;-2,2,1;,2,-1,1;,0,-2,1;1,1,1;-2,-2,1;0,1,1;-1,0,1;,1,-2,1;0,2,1|67,58,62,64,48,42,53,69,69,40,47,47
85|0,2,1;-1,-2,1;-2,-1,1;-1,0,1;,1,-1,1;-2,2,1;,0,-1,1;2,1,1;1,0,1;-1,-1,1;,1,-2,1;0,1,1;,2,-1,1|40,68,47,50,50,65,64,40,61,49,45,50,61
86|2,-1,1;-2,2,1;-1,1,1;,1,-1,1;0,0,1;-1,-2,1;2,2,1;-2,0,1;0,2,1;-2,-1,1;0,1,1;-2,-2,1|69,68,51,57,65,51,65,53,41,56,53,47
87|-2,-2,1;0,2,1;1,1,1;-2,-1,1;,2,-2,1;0,1,1;1,2,1;-1,1,1;,0,-2,1;1,0,1;-1,-1,1;2,1,1|53,40,69,45,61,52,61,44,46,55,67,54
88|2,1,1;1,0,1;-1,2,1;,0,-2,1;-2,1,1;,2,-1,1;,1,-2,1;-2,0,1;0,2,1;,1,-1,1;0,1,1;,2,-2,1;-1,0,1|52,50,56,63,53,61,41,45,51,65,44,44,63
89|-1,0,1;2,1,1;-2,2,1;-1,1,1;-2,0,1;,2,-1,1;,1,-2,1;-2,1,1;-1,-2,1;,1,-1,1;2,2,1;,0,-2,1;1,2,1|60,42,56,48,45,58,58,63,56,53,53,42,61
90|1,2,1;-2,0,1;,2,-2,1;,0,-1,1;2,0,1;-2,-1,1;1,1,1;-2,-2,1;2,1,1;0,0,1;-1,1,1;,2,-1,1|64,61,41,54,54,52,64,52,65,51,41,54
91|2,-1,1;,1,-2,1;-1,1,1;0,0,1;-1,-2,1;0,2,1;-2,1,1;-1,2,1;,2,-2,1;-2,-1,1;,0,-2,1|58,67,57,45,65,68,64,43,51,65,61
92|0,-2,1;2,2,1;0,0,1;1,1,1;-1,2,1;,1,-1,1;-2,2,1;0,1,1;-1,-1,1;1,2,1;-1,1,1;-2,-2,1|59,69,57,44,48,62,45,45,63,61,46,52
93|-2,-2,1;1,2,1;,0,-2,1;,2,-1,1;0,0,1;-2,2,1;-1,1,1;1,0,1;-2,1,1;,2,-2,1;,1,-1,1;0,1,1|65,59,57,46,57,64,65,42,52,62,43,62
94|0,1,1;,2,-2,1;-1,2,1;2,1,1;,0,-1,1;,1,-2,1;-1,-1,1;2,0,1;-2,1,1;0,2,1;-2,-1,1;1,1,1;,2,-1,1|67,58,45,48,64,49,60,52,40,48,53,44,65
95|2,-1,1;-2,0,1;-1,-1,1;,0,-2,1;2,1,1;-1,2,1;1,1,1;-1,0,1;-2,-2,1;2,0,1;-2,-1,1;1,2,1;,2,-2,1|69,59,57,44,40,40,51,62,66,55,45,56,47
96|2,-2,1;-2,2,1;-1,1,1;-2,0,1;-1,-1,1;2,0,1;-2,-1,1;,1,-2,1;-2,1,1;2,2,1;-1,0,1;1,1,1|65,41,52,53,59,45,57,53,69,63,45,62
97|1,1,1;,2,-1,1;0,2,1;-2,-2,1;1,0,1;-2,2,1;2,0,1;,1,-2,1;,0,-1,1;2,2,1;0,0,1;-1,1,1|67,40,56,50,61,66,58,57,43,66,42,55
98|-1,1,1;-2,0,1;1,2,1;,2,-1,1;-2,2,1;2,0,1;,1,-1,1;2,2,1;0,0,1;1,1,1;-2,-2,1;,0,-1,1;-1,-2,1|61,57,50,40,44,62,40,52,41,56,40,62,58
99|-1,-2,1;0,0,1;-2,-2,1;-1,0,1;0,2,1;2,1,1;,0,-1,1;-2,2,1;2,0,1;-2,1,1;,0,-2,1;,1,-1,1|64,44,62,49,50,56,46,68,46,47,43,67
100|1,-1,1;-2,-2,1;1,0,1;2,1,1;-2,2,1;,2,-1,1;1,1,1;0,0,1;,2,-2,1;-2,-1,1;-1,2,1;2,0,1;1,2,1|59,62,60,46,40,53,49,48,49,51,46,51,61
101|1,2,1;-1,-2,1;-2,2,1;-1,0,1;-2,-2,1;,2,-1,1;0,0,1;,1,-2,1;2,2,1;,0,-2,1;,1,-1,1;-2,1,1|46,43,47,65,65,61,65,66,59,59,44,44
102|-2,1,1;,2,-1,1;-2,-2,1;1,1,1;2,2,1;-1,0,1;-2,-1,1;,2,-2,1;1,0,1;-1,-2,1;-2,2,1;,0,-1,1|60,50,50,55,45,69,48,57,47,53,49,55
103|0,-1,1;,1,-2,1;-1,1,1;1,2,1;-2,-2,1;,1,-1,1;2,0,1;-2,1,1;-1,2,1;-2,0,1;1,1,1;,2,-2,1|59,60,46,57,63,63,52,62,67,47,59,61
104|2,-2,1;0,1,1;2,0,1;-1,1,1;-2,2,1;,2,-1,1;,0,-2,1;1,1,1;-1,-1,1;0,2,1;,1,-2,1;-2,-1,1|48,59,50,65,44,69,58,65,44,60,65,60
105|-2,-1,1;-1,0,1;-2,1,1;-1,-1,1;1,1,1;2,2,1;,1,-2,1;2,0,1;-1,1,1;-2,-2,1;1,0,1;-1,-2,1|40,49,67,58,42,68,67,57,43,57,60,57
106|-1,-2,1;2,0,1;,0,-1,1;-2,1,1;,1,-1,1;-1,1,1;,1,-2,1;-2,0,1;-1,-1,1;1,1,1;-2,2,1;0,1,1|66,69,54,44,59,46,60,51,42,65,57,68
107|0,1,1;1,2,1;,0,-2,1;1,0,1;-1,-1,1;-2,-2,1;-1,0,1;,1,-2,1;-2,1,1;,2,-1,1;-1,1,1;,2,-2,1|44,69,68,59,54,40,41,63,56,60,42,65
108|2,-2,1;1,2,1;-1,-1,1;2,2,1;,0,-2,1;-2,0,1;0,2,1;,2,-1,1;0,1,1;-1,0,1;,1,-2,1;-2,-1,1|55,62,58,47,62,42,64,46,50,65,47,56
109|-2,-1,1;2,0,1;-2,2,1;1,1,1;-2,0,1;1,2,1;0,1,1;,1,-1,1;2,1,1;-2,-2,1;,2,-1,1;-1,-2,1;1,0,1|41,58,56,51,56,67,41,65,40,51,50,40,44
110|1,0,1;,2,-1,1;,0,-2,1;-1,2,1;-2,0,1;-1,-2,1;,0,-1,1;2,0,1;,1,-2,1;-1,0,1;1,1,1;-2,2,1|56,59,67,55,57,43,56,68,57,69,57,43
111|-2,2,1;-1,1,1;2,0,1;-1,2,1;,2,-1,1;-1,0,1;,0,-1,1;1,0,1;0,2,1;1,1,1;-2,0,1;,1,-2,1;0,0,1|52,44,69,45,49,54,51,49,60,52,45,48,64
112|0,0,1;-2,2,1;2,0,1;1,2,1;-1,-1,1;2,2,1;,0,-2,1;,1,-1,1;0,2,1;-2,-1,1;-1,2,1|54,60,65,69,49,69,51,67,47,69,54
113|-1,2,1;2,1,1;1,2,1;-2,-2,1;0,2,1;,1,-2,1;2,0,1;1,1,1;-2,0,1;-1,1,1;,0,-1,1;2,2,1|66,62,60,44,53,61,69,61,40,52,58,44
114|2,2,1;,1,-1,1;,0,-2,1;,2,-1,1;0,2,1;2,0,1;-1,-2,1;0,0,1;-2,-1,1;2,1,1;-2,2,1;,2,-2,1|46,52,64,66,59,64,46,64,56,63,47,47
115|2,-2,1;-1,1,1;-2,-1,1;0,0,1;-2,1,1;1,2,1;-1,-1,1;2,1,1;-1,2,1;,0,-2,1;-2,2,1;,0,-1,1|68,43,61,67,67,57,42,64,45,53,51,41
116|0,-1,1;-2,-2,1;1,0,1;0,1,1;,1,-1,1;,2,-2,1;-2,1,1;0,2,1;1,1,1;,0,-2,1;-2,-1,1;0,0,1;2,2,1|59,45,40,50,46,68,62,59,54,53,51,68,43
117|2,2,1;-1,-1,1;0,0,1;,1,-1,1;,0,-2,1;2,0,1;,0,-1,1;-2,1,1;0,2,1;-2,-2,1;-1,1,1;-2,2,1|67,68,43,51,54,67,42,51,61,60,44,55
118|-2,2,1;,0,-2,1;-2,0,1;1,2,1;0,0,1;-1,2,1;-2,-2,1;-1,-1,1;2,2,1;0,1,1;,2,-2,1;-1,0,1|45,46,57,61,60,69,68,67,46,41,52,58
119|-1,0,1;,0,-2,1;2,1,1;-2,-1,1;1,0,1;,2,-1,1;-2,0,1;1,2,1;-2,-2,1;0,0,1;-1,1,1;2,2,1|58,40,57,59,52,47,60,60,56,64,56,69
120|2,2,1;-2,0,1;-1,-2,1;0,1,1;1,0,1;,2,-2,1;1,1,1;-2,-2,1;2,0,1;-2,1,1;,1,-1,1;-2,2,1|54,49,55,69,56,61,41,66,50,52,52,64
121|-2,2,1;-1,-1,1;1,0,1;-2,-1,1;-1,1,1;0,0,1;2,1,1;-1,-2,1;1,1,1;,0,-1,1;-2,-2,1;,2,-1,1;,0,-2,1|41,63,40,65,52,42,68,46,42,65,51,50,68
122|0,-2,1;-2,-1,1;,1,-2,1;-1,1,1;-2,2,1;0,1,1;-1,-1,1;-2,-2,1;1,2,1;0,0,1;2,1,1;,1,-1,1|63,64,64,43,63,48,60,65,51,68,57,43
123|1,-1,1;2,1,1;-1,2,1;,1,-2,1;-2,0,1;-1,-2,1;,0,-1,1;-1,1,1;,2,-1,1;1,1,1;2,2,1;-2,1,1|49,59,59,61,40,41,64,68,51,56,61,46
124|-2,1,1;2,0,1;-2,2,1;0,1,1;-1,-1,1;2,1,1;,1,-2,1;-2,-1,1;2,2,1;,0,-2,1;1,1,1;-2,0,1|57,67,43,62,53,58,67,57,53,55,68,43
125|-2,0,1;,2,-1,1;1,2,1;-1,1,1;-2,-2,1;1,0,1;0,1,1;-1,-2,1;,0,-1,1;,1,-2,1;-2,2,1|45,69,44,65,46,61,68,69,63,62,65
126|-2,2,1;-1,0,1;,2,-1,1;-2,-2,1;0,2,1;1,1,1;-1,-2,1;,1,-1,1;0,0,1;2,1,1;,1,-2,1;-1,1,1;1,0,1;,2,-2,1|56,52,47,40,44,43,52,41,41,44,68,48,46,65
127|2,-2,1;1,2,1;-1,0,1;-2,-1,1;2,1,1;,1,-1,1;-1,-2,1;,0,-1,1;-1,2,1;0,1,1;1,0,1;-1,1,1;,1,-2,1|60,64,50,49,68,45,49,40,61,45,54,53,53
128|1,-2,1;2,0,1;1,1,1;-1,2,1;,1,-1,1;0,2,1;-1,-2,1;,0,-1,1;2,2,1;1,0,1;0,1,1;-2,2,1|57,69,58,46,57,61,64,61,56,56,64,48
129|-2,2,1;,2,-1,1;-2,0,1;,0,-1,1;1,1,1;-1,-1,1;1,2,1;0,0,1;,1,-1,1;-1,1,1;2,0,1;,0,-2,1|46,49,58,67,63,45,57,50,48,62,67,46
130|0,-2,1;-1,1,1;-2,0,1;1,2,1;2,1,1;,1,-1,1;2,0,1;-2,2,1;,2,-2,1;-1,-1,1;1,0,1;2,2,1;,1,-2,1|61,69,53,56,45,50,68,43,53,64,52,43,41
131|1,-2,1;-1,1,1;1,2,1;,0,-2,1;-2,1,1;0,0,1;-2,2,1;,2,-2,1;1,0,1;2,2,1;-1,0,1;-2,-2,1;-1,2,1|66,41,40,61,45,42,58,62,65,56,46,45,57
132|-1,2,1;-2,-2,1;1,1,1;-1,0,1;0,2,1;,2,-1,1;-2,0,1;,0,-2,1;,1,-1,1;0,0,1;,1,-2,1;2,0,1|55,64,54,42,66,48,53,59,42,60,55,65
133|2,0,1;,1,-1,1;,0,-2,1;2,1,1;-2,0,1;,2,-2,1;0,1,1;1,2,1;-2,1,1;0,0,1;,2,-1,1;-2,-2,1|44,54,69,59,60,65,47,46,58,68,59,64
134|-2,-2,1;,2,-1,1;1,1,1;-1,-1,1;2,2,1;-2,0,1;0,2,1;-1,0,1;-2,-1,1;-1,2,1;-2,1,1|67,43,67,66,65,63,46,69,67,55,63
135|-2,1,1;0,0,1;,2,-2,1;-1,1,1;,1,-1,1;-1,2,1;-2,-1,1;2,2,1;,0,-2,1;1,1,1;,2,-1,1;,1,-2,1;2,1,1|58,53,41,64,44,56,68,46,67,47,42,69,41
136|2,1,1;,1,-1,1;-2,1,1;,0,-1,1;,1,-2,1;-1,2,1;-2,-2,1;,2,-1,1;-2,2,1;0,1,1;-2,0,1;-1,-1,1;,2,-2,1|62,56,54,58,49,52,49,42,49,52,42,45,45
137|2,-2,1;1,0,1;-2,2,1;-1,0,1;,1,-1,1;2,1,1;1,2,1;0,0,1;-1,-1,1;,0,-2,1;2,2,1;,0,-1,1|48,59,61,62,65,54,61,46,63,64,46,57
138|0,-1,1;-1,0,1;-2,-2,1;0,1,1;1,2,1;0,0,1;-1,1,1;2,0,1;,0,-2,1;-2,0,1;,1,-2,1;-2,2,1|58,40,67,51,45,54,57,66,65,45,69,49
139|-2,2,1;1,0,1;2,1,1;0,2,1;-1,-1,1;0,1,1;-2,0,1;-1,2,1;,0,-1,1;-1,1,1;-2,-2,1;0,0,1;2,2,1|50,57,47,40,40,47,69,68,42,62,48,53,57
140|2,2,1;1,0,1;-2,-1,1;,0,-2,1;2,1,1;0,2,1;-2,-2,1;,1,-1,1;0,0,1;-2,2,1;-1,-1,1;2,0,1|51,66,52,41,53,50,66,64,69,48,67,67
141|2,0,1;,0,-2,1;-2,0,1;1,2,1;-2,-2,1;0,2,1;1,0,1;-2,2,1;0,0,1;2,1,1;,1,-1,1;2,2,1|42,46,69,61,49,45,67,52,65,53,53,43
142|2,2,1;0,0,1;-2,1,1;,0,-2,1;-1,1,1;-2,0,1;1,1,1;-1,-1,1;2,0,1;0,2,1;-1,-2,1;,1,-1,1;2,1,1|52,59,44,45,69,46,52,41,46,62,63,58,47
143|2,1,1;-1,0,1;1,1,1;,0,-2,1;,2,-1,1;-2,2,1;0,1,1;2,2,1;-1,-1,1;1,2,1;-2,-1,1;-1,1,1|55,68,48,53,61,51,47,66,52,51,56,44
144|-1,1,1;,1,-2,1;-2,-1,1;2,2,1;-2,0,1;1,1,1;,0,-1,1;-2,2,1;0,1,1;-1,-1,1;,2,-2,1;1,0,1|49,56,69,64,53,66,53,42,66,61,64,56
145|1,0,1;0,2,1;-1,1,1;,0,-1,1;2,0,1;-1,-1,1;0,0,1;-2,2,1;2,1,1;-2,0,1;1,2,1;-1,0,1|63,57,64,45,59,47,44,59,49,65,61,65
146|-1,0,1;,2,-2,1;-2,0,1;0,2,1;2,0,1;-1,-1,1;1,2,1;2,1,1;,0,-2,1;-2,1,1;-1,2,1;1,0,1|44,45,58,50,54,60,61,69,43,43,55,61
147|1,0,1;,2,-2,1;-1,0,1;-2,-2,1;1,2,1;0,1,1;,2,-1,1;-2,2,1;-1,1,1;0,0,1;2,2,1;,1,-2,1;2,1,1|50,45,52,42,51,47,54,53,41,64,69,60,65
148|2,1,1;0,2,1;,2,-1,1;-2,0,1;,0,-2,1;2,0,1;-2,1,1;,1,-2,1;0,1,1;-1,-2,1;1,0,1;-2,-2,1;,1,-1,1|54,47,41,44,65,49,57,60,48,61,43,67,60
149|1,-1,1;-1,2,1;,1,-2,1;0,1,1;-1,0,1;,0,-2,1;1,2,1;-1,1,1;-2,2,1;-1,-1,1;,2,-2,1;-2,0,1;2,1,1|63,65,40,51,51,55,52,52,54,48,45,42,53
150|2,1,1;-2,2,1;1,0,1;-1,-1,1;0,2,1;-2,0,1;2,2,1;-2,-1,1;-1,-2,1;-2,1,1;2,0,1;-1,2,1;0,1,1|51,48,44,68,45,52,45,66,49,46,65,50,41
151|0,1,1;-1,-2,1;1,2,1;,2,-2,1;-2,-1,1;2,2,1;-2,-2,1;,2,-1,1;1,1,1;0,0,1;-1,2,1;,1,-2,1|57,66,45,44,64,49,46,42,65,44,55,61
152|1,-2,1;-1,-1,1;2,0,1;0,1,1;-2,2,1;1,0,1;,2,-2,1;0,2,1;1,1,1;-2,0,1;-1,-2,1|62,66,52,60,49,60,68,52,68,57,59
153|-1,-2,1;0,2,1;1,1,1;,0,-1,1;1,0,1;,2,-2,1;-1,2,1;,2,-1,1;0,1,1;-2,-1,1;2,1,1;-1,0,1|60,63,64,41,64,56,55,41,61,60,61,48
154|-1,0,1;0,1,1;-2,0,1;0,2,1;-1,1,1;-2,-2,1;1,2,1;2,0,1;-2,1,1;,2,-2,1;-1,2,1;,1,-1,1|57,45,48,57,69,50,55,67,54,53,56,54
155|1,-1,1;2,1,1;-2,-1,1;-1,0,1;,1,-2,1;0,0,1;2,2,1;-1,-1,1;0,1,1;,2,-1,1;1,2,1;-1,-2,1;2,0,1|61,41,49,50,47,53,48,45,60,49,46,58,49
156|2,0,1;-2,-2,1;-1,0,1;-2,-1,1;0,0,1;-1,2,1;1,1,1;,0,-1,1;1,2,1;0,1,1;,1,-1,1;0,2,1|57,45,61,45,67,64,58,49,48,65,42,46
157|0,2,1;-2,1,1;,0,-1,1;-1,2,1;1,0,1;-2,-1,1;,2,-2,1;0,1,1;-1,-1,1;1,2,1;,0,-2,1;2,1,1;-2,2,1|49,55,69,46,68,45,61,44,66,49,44,50,51
158|-2,2,1;0,1,1;-1,-1,1;-2,1,1;-1,-2,1;0,0,1;-2,-1,1;,1,-2,1;,2,-1,1;-1,0,1;2,1,1;,1,-1,1|53,69,69,54,64,59,66,43,60,46,44,57
159|1,-1,1;-2,-2,1;0,2,1;-1,-1,1;-2,0,1;,2,-1,1;1,0,1;-1,-2,1;2,2,1;-1,0,1;-2,-1,1;,2,-2,1|61,42,55,51,54,57,51,58,57,60,60,51
160|2,-2,1;0,1,1;,1,-1,1;-1,0,1;2,2,1;,1,-2,1;-2,-1,1;-1,2,1;2,1,1;-2,2,1;-1,-2,1;-2,1,1|64,57,48,43,52,42,45,64,59,53,64,57
161|-2,1,1;2,2,1;0,0,1;-2,2,1;1,0,1;,2,-1,1;0,2,1;2,1,1;-2,0,1;-1,1,1;,1,-1,1;,0,-2,1|63,68,54,57,45,41,62,62,56,51,58,55
162|0,-2,1;,1,-1,1;0,2,1;-1,0,1;0,1,1;-2,0,1;1,1,1;-1,2,1;,1,-2,1;2,2,1;-2,1,1;1,2,1|53,52,46,57,41,52,50,62,69,63,40,55
163|1,2,1;-2,0,1;-1,-2,1;-2,-1,1;-1,1,1;-2,2,1;,1,-2,1;-1,0,1;2,1,1;-1,-1,1;0,2,1;-2,1,1;2,0,1|58,41,55,44,60,52,45,68,50,40,56,50,49
164|2,0,1;-2,1,1;0,2,1;-1,-2,1;,2,-1,1;,1,-2,1;0,1,1;-1,2,1;1,1,1;,0,-1,1;-1,0,1;,0,-2,1|43,50,58,52,63,55,65,41,55,62,53,61
165|0,-2,1;-2,0,1;,1,-2,1;,0,-1,1;2,0,1;0,2,1;-1,-2,1;1,1,1;-2,-2,1;-1,-1,1;-2,2,1;,1,-1,1|65,47,40,68,68,55,48,49,66,59,56,54
166|1,-1,1;0,2,1;1,1,1;0,0,1;,2,-2,1;1,0,1;-1,1,1;2,2,1;-2,0,1;2,1,1;-1,-2,1;,0,-1,1|55,69,61,60,49,68,45,45,54,69,45,51
167|0,-1,1;,2,-2,1;-1,-1,1;,1,-2,1;-1,0,1;0,2,1;-2,1,1;1,2,1;-1,1,1;-2,-1,1;-1,-2,1;-2,2,1|46,61,58,49,45,52,46,68,68,62,69,61
168|-2,2,1;1,0,1;2,1,1;,0,-1,1;1,2,1;,0,-2,1;2,0,1;1,1,1;,2,-1,1;-1,0,1;,1,-2,1;0,1,1|58,62,46,48,57,47,45,57,63,61,68,66
169|0,1,1;,1,-1,1;2,2,1;-1,0,1;,0,-1,1;2,0,1;-2,2,1;,0,-2,1;-2,-1,1;,1,-2,1;-1,-1,1;1,0,1|44,69,54,45,63,63,41,52,61,54,63,60
170|1,0,1;2,1,1;,0,-2,1;-2,0,1;,1,-1,1;-2,1,1;2,0,1;,0,-1,1;,2,-2,1;0,2,1;-1,0,1;,1,-2,1|52,45,62,69,51,48,50,61,49,45,64,49
171|1,-2,1;-1,2,1;0,0,1;,1,-1,1;-2,2,1;,2,-2,1;1,1,1;,0,-2,1;2,0,1;-1,-1,1;1,2,1;-2,-2,1;2,2,1|68,40,59,56,52,50,64,43,57,56,51,49,46
172|2,2,1;-1,-2,1;,0,-1,1;-2,-2,1;1,2,1;2,0,1;0,1,1;,2,-2,1;0,0,1;-1,2,1;-2,1,1;,1,-2,1;-1,1,1|58,41,59,63,58,58,47,41,52,43,48,68,48
173|-1,1,1;0,0,1;-2,1,1;-1,-1,1;2,0,1;-2,-2,1;1,2,1;,2,-1,1;1,1,1;,0,-1,1;-2,0,1;0,2,1;,1,-1,1|42,40,56,52,58,57,41,64,67,43,62,55,56
174|1,-1,1;0,1,1;-1,2,1;1,0,1;2,2,1;-2,1,1;,2,-2,1;-2,0,1;-1,-2,1;,0,-1,1;1,2,1;-1,1,1|43,57,55,45,58,42,67,51,55,60,69,68
175|-1,1,1;,1,-2,1;-2,0,1;,2,-2,1;0,2,1;2,1,1;-1,2,1;-2,-2,1;,2,-1,1;1,2,1;0,0,1;-2,1,1;-1,0,1|51,57,55,40,40,45,59,50,51,66,51,46,69
176|-1,0,1;2,2,1;0,0,1;-1,2,1;1,0,1;,0,-2,1;-1,-1,1;,2,-2,1;,1,-1,1;-2,1,1;-1,-2,1;,2,-1,1|56,52,63,59,60,48,66,52,55,52,56,68
177|2,-1,1;-1,1,1;,1,-2,1;-1,-1,1;-2,1,1;,2,-2,1;-1,0,1;2,2,1;-2,-2,1;2,0,1;,0,-1,1;-2,0,1|60,53,43,66,62,58,69,62,47,49,43,68
178|-2,0,1;,0,-1,1;2,0,1;-2,1,1;0,2,1;,2,-2,1;-1,0,1;-2,2,1;,1,-1,1;-2,-2,1;,2,-1,1;1,2,1|52,59,64,61,51,68,50,47,64,47,66,54
179|1,2,1;-1,-1,1;0,1,1;-2,-2,1;1,0,1;,0,-2,1;,1,-1,1;-2,2,1;2,1,1;-1,2,1;-2,1,1;,0,-1,1|41,47,63,63,57,66,53,53,54,59,43,60
180|0,-1,1;1,0,1;-2,1,1;0,0,1;-1,-1,1;2,1,1;-2,-1,1;-1,0,1;2,2,1;,1,-2,1;,2,-1,1;1,2,1|54,61,43,66,53,59,43,49,51,65,68,49
181|1,2,1;0,0,1;-1,1,1;-2,-2,1;2,2,1;-2,0,1;-1,2,1;1,1,1;,2,-2,1;-2,2,1;,2,-1,1;,0,-2,1|61,64,65,65,50,46,69,60,43,58,47,49
182|0,-2,1;2,1,1;,1,-1,1;-2,1,1;0,0,1;1,1,1;,2,-2,1;-1,2,1;-2,0,1;,0,-1,1;-1,-2,1;2,2,1|47,44,40,61,68,55,43,68,57,47,49,55
183|2,2,1;,0,-1,1;2,1,1;-2,0,1;,1,-1,1;0,0,1;-2,1,1;-1,-2,1;1,2,1;2,0,1;0,1,1;-2,-2,1;-1,2,1|60,47,53,50,41,42,46,47,68,40,54,67,51
184|-1,2,1;2,1,1;-1,-1,1;0,1,1;,1,-2,1;0,2,1;-2,-2,1;1,2,1;,0,-1,1;-1,-2,1;2,0,1;,0,-2,1|58,40,60,65,50,60,56,55,47,58,40,62
185|0,-2,1;1,0,1;0,1,1;-2,-2,1;2,2,1;-2,0,1;,2,-1,1;,1,-2,1;-1,1,1;,2,-2,1;1,1,1;-1,-2,1|45,62,42,58,68,64,45,67,63,41,69,56
186|-1,-2,1;1,1,1;,0,-1,1;-1,1,1;,2,-1,1;,0,-2,1;2,1,1;-1,-1,1;2,2,1;-2,-2,1;,1,-1,1;-2,1,1|51,59,65,56,68,64,65,48,42,48,55,44
187|-2,1,1;,0,-2,1;2,0,1;0,2,1;-2,-2,1;,2,-1,1;1,0,1;-1,2,1;,0,-1,1;-2,2,1;,1,-1,1;0,0,1|49,43,56,48,60,51,55,60,57,51,55,63
188|0,0,1;2,2,1;-2,0,1;1,2,1;-2,-2,1;,1,-1,1;-1,-2,1;0,2,1;,1,-2,1;-2,1,1;-1,-1,1;2,1,1|54,65,61,53,68,57,67,47,69,40,51,67
189|2,1,1;1,0,1;-2,1,1;1,2,1;-1,1,1;-2,2,1;2,0,1;,0,-1,1;-1,2,1;0,0,1;2,2,1;-2,-1,1|62,49,62,49,60,40,60,64,67,48,46,67
190|-2,-1,1;2,0,1;-1,-2,1;-2,2,1;1,1,1;-1,2,1;,1,-2,1;-2,1,1;,0,-2,1;-1,1,1;,2,-2,1;1,0,1|52,49,66,44,46,63,62,62,56,49,66,56
191|1,0,1;0,2,1;,2,-2,1;0,0,1;-2,-2,1;1,2,1;,2,-1,1;1,1,1;,0,-2,1;-1,-1,1;-2,2,1;0,1,1;-2,0,1|51,69,44,48,68,53,42,51,66,43,45,48,65
192|-2,0,1;,1,-2,1;2,2,1;-2,-2,1;2,1,1;-1,-2,1;,2,-1,1;0,2,1;1,1,1;-1,2,1;1,0,1;,2,-2,1|62,64,51,40,54,51,67,57,52,41,58,40
193|2,-2,1;-1,1,1;,2,-1,1;-1,-2,1;1,0,1;-2,2,1;1,1,1;-1,2,1;,1,-2,1;-2,-1,1;1,2,1;2,0,1|56,57,65,56,54,52,44,64,52,60,67,47
194|2,0,1;-1,2,1;,1,-2,1;-2,2,1;0,0,1;1,2,1;-1,1,1;1,0,1;,0,-1,1;-1,0,1;-2,-1,1;,2,-2,1;-2,0,1|63,65,59,53,55,44,54,43,41,50,69,54,40
195|-2,0,1;,0,-2,1;1,1,1;,2,-2,1;-2,1,1;2,0,1;-1,-1,1;0,0,1;-2,-2,1;2,2,1;-1,1,1;,0,-1,1|51,69,60,62,53,40,67,44,49,42,51,54
196|0,-1,1;,2,-2,1;-2,2,1;,1,-2,1;0,1,1;1,2,1;-2,-2,1;,2,-1,1;-1,-2,1;-2,0,1;1,1,1;0,0,1|47,69,47,45,62,65,61,52,56,62,45,64
197|0,0,1;1,1,1;,2,-2,1;-1,2,1;,2,-1,1;,1,-2,1;-2,-1,1;2,0,1;-1,1,1;0,2,1;-2,-2,1;0,1,1;-1,-2,1;1,2,1|52,64,44,63,46,43,42,62,49,44,41,40,43,66
198|1,2,1;-1,0,1;2,1,1;-1,-1,1;-2,2,1;0,0,1;-2,1,1;,1,-1,1;0,2,1;-2,-2,1;2,0,1;-1,2,1|66,49,69,62,63,63,45,45,48,49,52,60
199|-1,2,1;,2,-2,1;-2,0,1;0,2,1;-1,1,1;,1,-2,1;-1,0,1;0,1,1;-2,-2,1;2,0,1;-2,2,1;1,1,1;2,2,1|53,60,66,61,43,49,66,54,48,41,45,51,47
200|2,2,1;-2,0,1;2,1,1;-2,2,1;,2,-1,1;1,2,1;-2,-1,1;0,2,1;-2,-2,1;,1,-1,1;,2,-2,1;-1,0,1|46,60,59,42,41,41,65,68,45,65,59,47
201|-1,0,1;0,1,1;1,2,1;-1,-1,1;,1,-2,1;-2,0,1;,1,-1,1;2,2,1;1,1,1;0,0,1;-2,-1,1;-1,-2,1|68,69,49,57,65,58,56,50,47,52,48,41
202|-1,-2,1;1,2,1;,2,-1,1;-1,0,1;-2,-1,1;0,1,1;-2,2,1;,1,-2,1;-1,2,1;-2,1,1;,0,-2,1;1,0,1|65,42,67,64,55,68,48,55,58,66,49,49
203|1,0,1;0,1,1;-2,2,1;,2,-2,1;-1,2,1;-2,1,1;,1,-1,1;2,1,1;-1,0,1;,0,-1,1;2,2,1;0,0,1;-1,-1,1|53,54,52,59,57,52,53,55,44,69,50,51,50
204|-1,-1,1;0,2,1;,1,-2,1;,2,-1,1;-1,-2,1;2,0,1;1,2,1;,0,-1,1;-2,1,1;,0,-2,1;-2,-1,1;,2,-2,1;-1,2,1|54,50,43,55,43,45,63,63,53,44,51,61,62
205|-1,2,1;,1,-2,1;-1,1,1;-2,0,1;-1,-1,1;1,2,1;-2,1,1;2,0,1;-1,-2,1;1,0,1;0,2,1;-2,-1,1;,0,-2,1|66,57,53,69,54,59,54,46,50,61,47,43,40
206|0,-2,1;-1,-1,1;,2,-2,1;0,2,1;-2,0,1;1,1,1;-2,2,1;1,0,1;-1,2,1;,0,-1,1;,1,-2,1;2,0,1|42,46,49,64,49,59,65,60,48,61,66,60
207|2,0,1;-1,1,1;-2,-2,1;-1,-1,1;0,0,1;-2,1,1;,2,-1,1;0,1,1;-2,0,1;1,1,1;0,2,1;,2,-2,1;-2,-1,1|50,58,67,50,49,48,44,58,69,40,55,44,55
208|-2,-1,1;2,0,1;0,1,1;,2,-2,1;-2,2,1;,0,-2,1;,1,-1,1;2,1,1;-1,-2,1;0,0,1;1,2,1;-1,0,1|47,40,47,54,63,65,55,54,47,50,56,56
209|-1,0,1;-2,1,1;-1,-2,1;,1,-1,1;2,0,1;0,1,1;,2,-2,1;-2,0,1;2,2,1;-2,-1,1;1,0,1;-2,-2,1|68,44,63,67,40,59,69,58,51,67,43,50
210|-2,-2,1;1,2,1;-1,0,1;2,1,1;,0,-1,1;,1,-2,1;-2,1,1;0,2,1;,1,-1,1;-2,2,1;0,1,1|56,65,66,69,68,68,59,50,60,59,49
211|0,1,1;-2,-1,1;1,1,1;0,2,1;,2,-1,1;-2,-2,1;1,0,1;-1,-2,1;,1,-1,1;-1,0,1;2,1,1;-2,0,1|62,68,46,40,45,53,64,64,53,48,51,42
212|-2,0,1;,1,-2,1;-1,1,1;-2,2,1;,1,-1,1;-2,-2,1;-1,0,1;2,2,1;1,0,1;-1,-2,1;,2,-1,1;,0,-2,1|67,58,47,51,51,51,50,67,57,68,61,47
213|0,-2,1;1,1,1;-2,-2,1;2,0,1;-2,1,1;1,0,1;0,1,1;,2,-1,1;-2,0,1;-1,2,1;,0,-1,1;2,1,1;-1,0,1|66,53,58,61,63,53,59,50,43,43,50,42,40
214|-1,0,1;1,2,1;0,1,1;-1,-1,1;2,0,1;0,2,1;-2,-1,1;,2,-2,1;,1,-1,1;-2,2,1;-1,1,1;,1,-2,1|48,44,48,40,49,48,55,59,59,69,53,68
215|1,-2,1;0,2,1;-1,-2,1;0,1,1;,2,-2,1;-1,-1,1;-2,1,1;0,0,1;2,1,1;-1,0,1;2,2,1;-2,-1,1|63,51,62,65,64,48,58,52,53,47,44,50
216|-2,-1,1;0,1,1;-2,-2,1;1,0,1;,2,-1,1;0,0,1;,1,-1,1;2,2,1;-2,0,1;,0,-2,1;-1,1,1;,2,-2,1|54,69,58,50,44,51,59,65,51,57,59,63
217|2,-2,1;-2,0,1;-1,2,1;,1,-2,1;-1,1,1;,2,-1,1;1,1,1;2,2,1;1,0,1;2,1,1;,1,-1,1;-2,2,1;,0,-1,1|55,40,45,46,54,69,49,61,62,44,44,58,69
218|0,-1,1;-2,0,1;-1,1,1;0,2,1;,1,-2,1;2,1,1;1,2,1;-1,-1,1;-2,2,1;,1,-1,1;-1,2,1;0,0,1;-2,1,1|63,45,62,62,41,51,45,45,59,59,47,41,51
219|-2,1,1;-1,0,1;-2,-1,1;1,1,1;,0,-2,1;1,0,1;0,2,1;,1,-2,1;0,1,1;,1,-1,1;-2,2,1;-1,-2,1|48,47,64,56,59,65,49,67,54,53,46,57
220|-1,-2,1;1,2,1;2,1,1;-1,2,1;,1,-2,1;-2,1,1;,2,-2,1;0,1,1;,1,-1,1;-2,0,1;-1,-1,1;1,1,1;2,0,1|49,51,49,54,49,62,62,59,42,54,65,58,41
221|2,0,1;,0,-1,1;1,1,1;-2,2,1;0,0,1;,2,-2,1;-2,1,1;,0,-2,1;2,1,1;-2,-1,1;-1,-2,1;0,1,1;2,2,1|45,60,54,51,60,57,58,54,56,46,46,44,62
222|2,2,1;0,0,1;,2,-2,1;-2,1,1;1,2,1;2,1,1;,1,-2,1;2,0,1;-2,-2,1;,2,-1,1;1,1,1;,0,-1,1|64,50,68,64,57,44,69,40,49,55,58,50
223|0,-1,1;,2,-2,1;-2,2,1;,0,-2,1;-1,1,1;1,0,1;-2,1,1;2,0,1;0,1,1;-1,2,1;-2,0,1;-1,-1,1;0,2,1|43,42,63,40,44,49,52,67,49,61,46,57,43
224|0,2,1;-2,-1,1;,2,-2,1;-2,2,1;,2,-1,1;-1,0,1;,1,-1,1;2,2,1;1,1,1;,0,-1,1;-2,1,1;2,0,1|65,56,65,68,68,42,47,66,63,43,62,51
225|2,0,1;-2,2,1;,1,-2,1;-1,1,1;-2,-2,1;-1,2,1;1,0,1;0,1,1;1,2,1;,0,-2,1;-2,0,1;1,1,1;-1,-2,1|55,56,53,60,68,42,40,52,52,46,56,57,49
226|-1,-2,1;-2,1,1;0,0,1;1,1,1;2,2,1;1,0,1;-1,1,1;1,2,1;,0,-2,1;2,1,1;-1,2,1;0,1,1;2,0,1|48,40,51,65,60,45,45,63,53,51,69,45,62
227|2,0,1;0,1,1;,2,-2,1;-1,1,1;1,2,1;,0,-2,1;-2,0,1;-1,-1,1;2,1,1;,0,-1,1;,1,-2,1;0,2,1;-2,-1,1|54,57,49,59,43,62,63,44,43,46,48,54,65
228|-2,-1,1;1,0,1;,2,-2,1;1,2,1;0,1,1;-2,0,1;0,2,1;-1,0,1;,0,-1,1;1,1,1;-2,2,1;-1,-2,1|48,45,69,46,58,66,53,40,69,59,69,48
229|-1,-2,1;1,1,1;-1,-1,1;,0,-2,1;1,2,1;0,0,1;-2,-2,1;,1,-1,1;-1,2,1;,2,-2,1;,0,-1,1;-2,2,1;0,1,1|46,50,42,41,49,55,67,63,69,64,40,48,63
230|0,1,1;2,2,1;1,0,1;-1,-1,1;0,0,1;1,2,1;,0,-2,1;,1,-1,1;2,0,1;-1,1,1;,0,-1,1;1,1,1|41,52,58,62,63,42,60,55,46,46,61,54
231|1,1,1;-2,-1,1;0,0,1;-2,1,1;1,2,1;2,0,1;0,2,1;1,0,1;,0,-1,1;2,2,1;-2,0,1;,2,-1,1|66,67,49,64,43,42,43,44,56,55,57,69
232|2,-1,1;1,0,1;2,1,1;0,0,1;2,2,1;-1,-1,1;,2,-2,1;0,2,1;,1,-2,1;0,1,1;1,2,1;-2,0,1;,1,-1,1|51,47,47,42,42,66,41,58,65,47,60,53,43
233|1,-1,1;-2,0,1;-1,2,1;-2,-2,1;,0,-1,1;1,2,1;-1,-2,1;-2,-1,1;-1,0,1;0,1,1;,2,-2,1|67,68,47,64,49,62,58,43,64,52,69
234|2,-2,1;1,0,1;,2,-1,1;0,1,1;-2,0,1;,0,-1,1;1,1,1;-2,-2,1;-1,1,1;1,2,1;-2,-1,1;0,0,1;,1,-1,1|64,67,44,46,46,67,47,63,52,40,48,62,43
235|1,-1,1;2,2,1;1,1,1;0,2,1;2,0,1;-2,1,1;0,0,1;-1,2,1;,2,-1,1;-1,1,1;-2,-2,1;-1,-1,1|49,63,49,49,66,50,48,69,61,51,49,63
236|-1,-1,1;0,0,1;-2,-2,1;2,1,1;1,2,1;-1,0,1;,0,-2,1;-1,2,1;,1,-2,1;,2,-1,1;0,1,1;1,0,1|43,65,58,55,49,50,63,64,41,45,69,50
237|1,0,1;-1,-1,1;-2,1,1;,0,-1,1;-2,0,1;,0,-2,1;-1,2,1;2,1,1;-2,2,1;,1,-2,1;2,2,1;-2,-1,1|61,51,49,57,61,64,69,61,45,44,67,52
238|-2,-1,1;-1,1,1;-2,-2,1;1,2,1;0,0,1;-2,2,1;,0,-2,1;1,0,1;2,1,1;,1,-1,1;0,2,1;1,1,1|52,53,58,43,68,52,61,58,54,57,46,57
239|1,1,1;-1,2,1;2,0,1;-1,-2,1;1,2,1;-1,1,1;-2,2,1;,2,-2,1;-2,1,1;0,0,1;-1,-1,1;2,1,1|43,58,69,48,65,55,48,66,69,58,56,45
240|2,1,1;-1,2,1;-2,0,1;0,1,1;,1,-1,1;-2,-2,1;-1,1,1;1,2,1;,2,-1,1;-2,1,1;-1,-2,1;1,0,1;-1,-1,1|69,47,58,50,51,56,45,66,40,40,48,57,49
241|-1,-1,1;0,0,1;,1,-1,1;-2,1,1;-1,-2,1;2,0,1;0,1,1;2,2,1;,1,-2,1;-2,-1,1;2,1,1;0,2,1|65,47,52,61,63,41,40,48,62,62,67,52
242|0,2,1;-2,1,1;,1,-1,1;,0,-2,1;2,0,1;-1,2,1;-2,0,1;1,1,1;-2,-1,1;,2,-2,1;-1,-1,1;2,2,1|67,62,57,43,47,54,57,61,58,44,56,67
243|2,2,1;0,1,1;-1,0,1;-2,2,1;,2,-2,1;-2,1,1;,1,-1,1;-2,0,1;-1,1,1;2,0,1;-1,2,1;1,0,1|67,46,47,62,46,63,61,52,65,55,55,69
244|1,0,1;,2,-1,1;-1,1,1;0,0,1;2,1,1;-1,-2,1;-2,-1,1;0,1,1;,1,-1,1;,2,-2,1;1,2,1;,0,-1,1;-2,0,1|48,55,44,48,41,40,68,65,67,52,51,54,41
245|-2,0,1;,0,-2,1;1,0,1;,2,-1,1;-1,1,1;,2,-2,1;1,2,1;,0,-1,1;2,1,1;-1,-1,1;0,2,1;-2,-1,1|56,61,62,50,60,53,54,53,62,56,63,65
246|-2,-1,1;-1,1,1;-2,2,1;,1,-1,1;-2,1,1;-1,0,1;-2,-2,1;,0,-1,1;1,1,1;,2,-1,1;,1,-2,1;2,0,1;,0,-2,1|48,58,69,63,50,43,56,61,42,46,56,55,46
247|0,-2,1;-2,2,1;2,0,1;,1,-1,1;-2,1,1;0,0,1;-1,2,1;,1,-2,1;,0,-1,1;-1,1,1;-2,-2,1;2,1,1;-1,-1,1|68,41,68,44,55,66,41,50,47,62,50,53,42
248|-1,-1,1;-2,-2,1;2,2,1;,1,-1,1;2,1,1;,0,-1,1;-2,0,1;,0,-2,1;-2,1,1;2,0,1;-2,2,1;,1,-2,1;0,1,1|58,50,57,47,49,59,40,56,50,49,59,53,67
249|0,1,1;-1,-2,1;2,2,1;1,0,1;,0,-1,1;2,1,1;-1,2,1;2,0,1;0,2,1;,1,-1,1;,2,-2,1;-2,-1,1|43,41,52,62,57,42,46,68,50,57,63,67
250|-2,-1,1;-1,-2,1;0,1,1;-1,2,1;-2,-2,1;1,1,1;,2,-2,1;-2,0,1;,0,-2,1;2,1,1;-1,-1,1;2,2,1|60,64,66,52,52,42,68,48,63,43,40,68
251|2,2,1;-1,1,1;-2,0,1;-1,-1,1;2,1,1;0,2,1;-2,1,1;,2,-1,1;-1,2,1;1,1,1;,0,-2,1|53,51,67,55,65,69,65,50,59,68,62
252|0,-2,1;1,1,1;-1,2,1;,2,-1,1;1,0,1;,2,-2,1;-1,-1,1;2,1,1;0,2,1;-1,0,1;,1,-1,1;-2,1,1;2,0,1|46,50,44,50,51,61,45,59,60,51,61,45,47
253|2,0,1;-2,-1,1;-1,0,1;1,2,1;0,1,1;-1,2,1;-2,1,1;0,2,1;,1,-2,1;2,1,1;-2,-2,1;,1,-1,1;2,2,1|52,43,67,62,48,58,67,58,46,40,65,46,43
254|2,2,1;-1,0,1;,0,-1,1;1,1,1;-1,-2,1;1,2,1;,2,-1,1;-2,0,1;0,2,1;-2,-2,1;0,0,1;2,1,1;1,0,1|63,45,43,43,42,55,67,44,48,56,47,52,59
255|1,0,1;-2,1,1;-1,2,1;2,0,1;,0,-2,1;,1,-1,1;,2,-2,1;0,2,1;-1,0,1;,0,-1,1;-2,0,1;,1,-2,1|61,62,51,61,41,45,47,48,65,46,69,52
256|1,-2,1;2,2,1;1,0,1;-1,-1,1;-2,0,1;,0,-2,1;2,0,1;1,1,1;,2,-1,1;0,1,1;-1,0,1;2,1,1|43,64,63,66,62,52,53,64,48,40,69,57
257|2,1,1;-1,2,1;,1,-2,1;0,1,1;-2,-1,1;2,2,1;-2,-2,1;2,0,1;1,2,1;-1,1,1;-2,2,1;,0,-2,1;-2,0,1|65,48,59,45,59,65,63,40,61,41,44,51,45
258|-2,0,1;0,1,1;,2,-1,1;-2,-2,1;2,1,1;-1,-2,1;0,2,1;,2,-2,1;-1,-1,1;2,2,1;-2,-1,1;-1,2,1|60,55,44,67,40,52,68,60,44,47,65,47
259|-1,2,1;-2,1,1;,0,-2,1;-1,1,1;1,0,1;0,1,1;-2,2,1;2,0,1;,1,-2,1;2,1,1;-2,0,1;,2,-1,1;0,0,1|40,55,40,56,55,53,43,52,67,48,43,55,66
260|0,0,1;-2,1,1;,1,-2,1;0,2,1;,2,-1,1;-1,1,1;,2,-2,1;-1,-1,1;1,2,1;-2,-2,1;-1,0,1;1,1,1|57,53,43,57,64,64,55,62,56,50,66,44
261|1,1,1;-2,0,1;0,2,1;,2,-2,1;-2,-1,1;-1,2,1;,2,-1,1;-1,1,1;1,0,1;,0,-1,1;2,0,1;,1,-2,1|53,53,59,67,54,61,42,65,67,52,46,52
262|1,-2,1;,2,-1,1;-2,1,1;1,2,1;-1,1,1;,2,-2,1;0,2,1;-2,-1,1;1,0,1;-2,-2,1;2,2,1;,1,-1,1|56,65,67,56,49,52,44,46,44,47,69,66
263|1,-1,1;,2,-2,1;0,1,1;1,0,1;-1,-1,1;2,0,1;,0,-2,1;1,1,1;-1,0,1;-2,-1,1;-1,2,1;-2,-2,1;0,2,1|57,64,42,43,60,65,46,65,41,52,46,55,52
264|0,2,1;1,0,1;-2,-1,1;2,0,1;1,2,1;,0,-2,1;-1,1,1;0,0,1;2,1,1;,1,-2,1;,0,-1,1;-1,-2,1;-2,1,1|48,52,47,44,48,66,56,41,51,60,69,51,45
265|-2,1,1;,0,-1,1;1,0,1;0,2,1;,1,-2,1;0,1,1;,2,-2,1;-1,-1,1;-2,2,1;2,0,1;,1,-1,1;-1,1,1|65,58,58,54,67,44,62,54,68,56,41,57
266|-1,1,1;1,0,1;,2,-2,1;0,0,1;-2,-1,1;0,2,1;-2,0,1;,0,-2,1;2,0,1;,1,-1,1;2,2,1;,0,-1,1;-2,-2,1|59,69,46,46,47,46,58,51,40,65,51,69,40
267|-2,-2,1;-1,-1,1;-2,0,1;,2,-2,1;0,2,1;-1,0,1;2,1,1;0,0,1;,1,-2,1;-1,1,1;2,2,1;1,1,1|54,57,65,55,54,51,42,53,50,48,64,69
268|1,1,1;-1,0,1;-2,1,1;1,2,1;,0,-1,1;1,0,1;-1,2,1;2,1,1;-2,-2,1;0,0,1;-1,-2,1;2,2,1;-1,1,1|58,53,62,62,41,69,60,41,45,42,46,41,46
269|-1,1,1;,2,-2,1;1,0,1;0,1,1;2,2,1;-1,-2,1;-2,2,1;2,1,1;-1,2,1;,0,-1,1;-1,0,1;,0,-2,1|63,45,57,61,52,63,62,57,43,58,67,68
270|0,-2,1;-1,-1,1;2,2,1;-2,1,1;,2,-1,1;-2,2,1;2,1,1;1,2,1;-1,1,1;1,0,1;-1,-2,1;-2,0,1;,1,-2,1|43,63,41,53,50,63,67,63,41,47,44,54,66
271|1,-2,1;-1,1,1;,2,-2,1;-2,0,1;1,2,1;-1,0,1;1,1,1;2,2,1;0,0,1;-2,2,1;,0,-1,1|65,69,65,66,48,63,43,66,62,61,67
272|0,-1,1;-1,0,1;-2,2,1;,1,-1,1;-1,-2,1;-2,0,1;,0,-2,1;1,0,1;0,1,1;,2,-2,1;-1,2,1;2,1,1;0,2,1|51,56,44,57,43,46,41,65,59,61,48,44,69
273|0,2,1;-1,0,1;-2,-1,1;0,1,1;,1,-2,1;-2,2,1;,0,-1,1;-2,-2,1;2,1,1;-1,2,1;1,0,1;,2,-2,1|65,61,42,68,58,51,61,51,41,54,59,56
274|2,-2,1;1,1,1;2,0,1;-2,-2,1;0,1,1;-2,2,1;,2,-1,1;-2,0,1;,0,-2,1;-2,-1,1;-1,-2,1;-2,1,1|44,68,56,62,64,67,58,41,50,60,53,66
275|-2,1,1;,2,-1,1;0,2,1;-1,-1,1;2,0,1;0,1,1;-2,-1,1;-1,2,1;1,1,1;-2,2,1;1,0,1|58,40,59,54,61,68,69,61,58,61,63
276|1,0,1;,2,-2,1;-2,-1,1;-1,1,1;,1,-2,1;-1,0,1;0,2,1;1,1,1;-1,2,1;-2,-2,1;0,0,1;,2,-1,1;1,2,1|65,53,64,67,41,46,42,66,43,60,57,41,44
277|1,2,1;-1,-2,1;1,1,1;2,0,1;-1,2,1;1,0,1;,2,-1,1;-1,1,1;-2,0,1;,0,-2,1;-1,-1,1;2,1,1|61,43,65,42,50,46,56,66,61,51,46,58
278|2,1,1;-2,0,1;,0,-1,1;1,1,1;,2,-2,1;0,2,1;,2,-1,1;-1,0,1;0,1,1;,1,-2,1;-2,-1,1;0,0,1|61,55,52,64,54,59,43,65,65,49,45,63
279|0,0,1;,2,-2,1;-2,1,1;2,0,1;,1,-2,1;,0,-1,1;-2,-2,1;2,2,1;-1,0,1;-2,2,1;0,1,1;-2,0,1|41,40,66,57,65,69,65,47,45,40,66,57
280|-2,0,1;,0,-2,1;2,2,1;1,1,1;-1,-1,1;0,1,1;,1,-1,1;-1,2,1;,0,-1,1;2,1,1;1,0,1;,2,-2,1|63,69,40,46,61,59,63,57,43,43,54,58
281|2,-2,1;1,2,1;,2,-1,1;-2,2,1;-1,0,1;,0,-1,1;-1,1,1;-2,0,1;,1,-2,1;2,1,1;1,0,1;-1,-1,1;1,1,1|58,64,42,43,41,41,67,52,59,50,57,51,55
282|1,1,1;-2,2,1;0,0,1;,1,-2,1;-2,1,1;,1,-1,1;2,2,1;-1,1,1;2,0,1;0,2,1;,2,-2,1;,0,-1,1;-1,-2,1|48,41,67,51,43,49,57,60,63,45,59,50,43
283|-1,-2,1;1,1,1;,2,-2,1;-2,1,1;,1,-1,1;-1,1,1;0,2,1;-2,-1,1;2,0,1;1,2,1;-2,0,1;2,2,1|49,53,47,58,62,56,41,68,51,56,62,54
284|2,2,1;-2,0,1;0,2,1;-1,0,1;,0,-1,1;-2,-2,1;-1,-1,1;1,1,1;0,0,1;-2,-1,1;0,1,1;,1,-2,1|60,54,47,49,63,44,68,58,54,67,48,61
285|1,-2,1;2,0,1;-2,-1,1;1,2,1;0,0,1;-1,-1,1;,0,-2,1;,2,-1,1;-1,-2,1;1,1,1;-2,0,1|66,44,68,52,50,63,53,59,68,64,63
286|-2,0,1;,0,-2,1;2,2,1;-2,-2,1;1,1,1;-2,2,1;0,1,1;-1,2,1;1,0,1;-1,1,1;1,2,1|65,49,54,64,67,54,60,67,63,57,67
287|1,2,1;-2,1,1;,2,-1,1;0,2,1;1,0,1;-1,1,1;-2,0,1;2,1,1;,1,-2,1;0,1,1;-1,0,1;,2,-2,1|60,66,57,64,65,64,48,46,45,62,56,60
288|2,-2,1;-2,0,1;0,1,1;-2,-1,1;,0,-2,1;1,1,1;2,2,1;-1,-1,1;2,1,1;1,0,1;-1,-2,1;,1,-1,1|64,45,49,45,60,61,67,64,57,46,60,58
289|1,-1,1;0,1,1;1,0,1;0,2,1;-2,-1,1;-1,0,1;,2,-1,1;-2,-2,1;2,2,1;-2,1,1;,0,-1,1;-2,0,1|61,41,69,58,50,69,56,54,60,50,54,64
290|-2,0,1;,1,-2,1;,2,-1,1;0,2,1;-1,1,1;-2,2,1;1,0,1;-2,1,1;,2,-2,1;-2,-1,1;-1,2,1;0,0,1|56,40,62,68,62,48,53,42,44,55,67,42
291|0,0,1;-1,-2,1;1,1,1;-2,-1,1;2,2,1;,1,-1,1;-2,-2,1;1,2,1;0,1,1;,1,-2,1;2,1,1;-1,0,1|50,64,42,52,60,42,69,53,49,64,67,61
292|-1,0,1;0,2,1;-2,1,1;0,0,1;-1,1,1;,2,-1,1;,0,-2,1;-2,-1,1;,1,-2,1;2,1,1;-1,2,1;-2,-2,1;1,0,1|42,68,60,60,52,50,66,50,45,40,56,42,50
293|1,0,1;-1,-2,1;2,1,1;,0,-1,1;2,0,1;-1,-1,1;-2,2,1;1,1,1;,2,-1,1;-1,1,1;1,2,1;0,0,1|58,55,49,52,63,48,59,41,65,45,54,61
294|0,0,1;1,1,1;2,0,1;-2,1,1;0,2,1;-2,0,1;0,1,1;-1,0,1;-2,-2,1;,1,-1,1;-1,1,1;2,2,1;,1,-2,1|41,62,54,53,46,44,53,41,54,54,67,57,45
295|1,-2,1;-2,2,1;,1,-1,1;-1,2,1;-2,0,1;-1,-1,1;,2,-2,1;1,2,1;-1,1,1;-2,-1,1;-1,-2,1;2,0,1|64,64,45,48,52,60,69,57,43,53,40,63
296|2,0,1;,0,-2,1;-2,2,1;,2,-1,1;-1,2,1;0,1,1;-1,-2,1;2,1,1;-2,-1,1;0,2,1;-2,0,1;-1,1,1|42,63,62,61,52,63,55,45,50,40,69,60
297|-1,1,1;,0,-1,1;-2,0,1;1,1,1;,2,-2,1;0,2,1;,2,-1,1;-2,-2,1;1,2,1;-1,0,1;,1,-1,1;2,0,1|46,67,41,69,57,42,64,62,48,57,49,56
298|2,0,1;,0,-1,1;2,1,1;-1,2,1;,2,-1,1;1,1,1;-2,2,1;1,0,1;-2,-2,1;-1,-1,1;-2,0,1;1,2,1|53,56,51,50,58,66,47,62,52,44,64,45
299|1,2,1;,2,-2,1;-2,-1,1;0,1,1;-2,0,1;,1,-2,1;2,2,1;,1,-1,1;-2,-2,1;-1,0,1;1,1,1;-1,2,1|66,48,46,52,61,64,55,42,52,41,61,58
300|-1,2,1;,0,-2,1;1,1,1;2,0,1;-1,-1,1;,2,-2,1;-2,1,1;,1,-2,1;0,0,1;,2,-1,1;1,2,1;,0,-1,1|56,69,57,57,60,42,53,42,59,69,50,66
301|0,-1,1;-1,0,1;2,1,1;1,0,1;,0,-2,1;,2,-1,1;1,1,1;-1,-1,1;-2,1,1;1,2,1;-2,-2,1;,1,-1,1|54,58,45,51,59,60,56,62,48,63,49,65
302|1,-1,1;-2,-2,1;2,0,1;-1,-2,1;,0,-1,1;,2,-2,1;-1,1,1;,1,-2,1;,2,-1,1;1,2,1;0,1,1;-2,-1,1;-1,0,1|47,62,62,57,64,46,68,50,47,54,44,49,44
303|-1,0,1;-2,2,1;,0,-2,1;,1,-1,1;2,0,1;-1,-1,1;-2,-2,1;1,2,1;,2,-2,1;-2,1,1;0,2,1;1,0,1;,0,-1,1|62,50,45,55,47,40,62,44,56,57,42,65,52
304|0,-1,1;1,2,1;-2,-1,1;0,2,1;-1,1,1;2,0,1;-2,-2,1;0,1,1;,1,-2,1;-2,1,1;0,0,1;,1,-1,1|50,41,64,59,60,57,58,63,65,62,61,58
305|1,-1,1;-2,2,1;,0,-1,1;,1,-2,1;-1,1,1;-2,-2,1;0,2,1;-1,-2,1;2,0,1;-2,1,1;-1,0,1;-2,-1,1|47,68,57,58,53,55,60,64,49,44,67,46
306|-2,-1,1;,1,-2,1;0,2,1;1,1,1;-1,-2,1;,1,-1,1;-2,0,1;1,2,1;2,1,1;-1,-1,1;2,2,1;-1,1,1;2,0,1|55,41,42,58,60,47,43,51,66,69,54,42,63
307|2,0,1;-1,2,1;-2,0,1;,1,-2,1;-2,2,1;2,1,1;,0,-2,1;,1,-1,1;-2,-2,1;,2,-1,1;0,2,1;-1,-1,1|61,68,66,50,57,53,44,52,54,59,55,65
308|-1,-1,1;2,1,1;1,0,1;-1,1,1;,0,-2,1;2,0,1;-2,-1,1;-1,2,1;1,1,1;-2,0,1;-1,-2,1;0,2,1|64,47,45,52,46,49,47,56,63,66,62,44
309|0,2,1;-1,1,1;1,0,1;,0,-1,1;2,0,1;,0,-2,1;-1,-1,1;,2,-2,1;1,2,1;2,1,1;-1,2,1;-2,-2,1|55,45,64,49,55,54,61,60,49,68,55,64
310|-2,-2,1;2,0,1;-2,-1,1;-1,0,1;,0,-2,1;-1,1,1;,1,-2,1;,2,-1,1;0,0,1;-1,-2,1;,0,-1,1;2,1,1|45,52,52,66,55,51,48,64,46,69,61,47
311|2,1,1;0,2,1;-2,1,1;1,0,1;-1,-2,1;-2,-1,1;2,2,1;-1,-1,1;,1,-2,1;-2,2,1;,0,-2,1;-1,0,1|69,69,44,69,45,56,64,60,41,45,53,46
312|-1,0,1;0,2,1;,1,-2,1;2,0,1;-1,1,1;-2,-1,1;,0,-2,1;-2,2,1;,0,-1,1;2,2,1;-1,-2,1;0,0,1;1,1,1|44,59,43,45,66,43,68,64,44,49,49,57,46
313|1,1,1;-1,-1,1;2,1,1;-1,0,1;-2,-1,1;0,0,1;-2,2,1;2,0,1;1,2,1;-2,0,1;2,2,1;0,1,1;-1,-2,1|40,44,69,60,42,56,42,49,42,61,54,55,62
314|-1,-2,1;1,0,1;,0,-1,1;,2,-2,1;0,0,1;1,2,1;2,0,1;-1,1,1;0,2,1;-1,-1,1;,0,-2,1;-1,0,1;,2,-1,1|50,49,59,49,50,43,55,50,54,61,68,48,50
315|2,-1,1;-2,0,1;2,2,1;-1,-1,1;-2,2,1;,1,-1,1;0,2,1;,1,-2,1;-1,2,1;2,0,1;-2,-2,1;2,1,1|66,55,62,48,56,47,56,69,57,59,52,67
316|2,1,1;-1,-1,1;-2,2,1;0,1,1;,2,-2,1;1,2,1;-1,0,1;-2,1,1;,1,-1,1;-2,0,1;0,2,1;,2,-1,1|43,58,41,58,69,51,62,58,63,47,45,44
317|2,-1,1;0,0,1;1,2,1;-1,-2,1;-2,0,1;2,2,1;-1,-1,1;,2,-2,1;-2,2,1;1,1,1;-2,-1,1;2,0,1|50,68,64,64,69,41,46,50,64,65,47,66
318|2,0,1;-2,-2,1;2,1,1;,0,-2,1;2,2,1;,1,-1,1;0,1,1;,2,-1,1;-2,0,1;-1,1,1;0,0,1|68,45,69,43,67,44,69,62,65,44,67
319|0,0,1;-1,2,1;2,0,1;-2,1,1;2,2,1;-1,1,1;,0,-2,1;-2,-1,1;-1,-2,1;0,2,1;-2,0,1;-1,-1,1|44,47,64,47,57,69,63,66,51,48,54,54
320|-1,-1,1;,1,-2,1;,2,-1,1;1,2,1;-1,1,1;2,0,1;,0,-2,1;-1,0,1;-2,1,1;-1,-2,1;2,1,1;-2,-2,1|50,55,63,64,57,65,55,49,61,47,63,57
321|-2,-2,1;,1,-1,1;,2,-2,1;,0,-1,1;-1,1,1;-2,-1,1;1,2,1;-1,0,1;2,1,1;0,0,1;2,2,1;-1,-1,1;-2,1,1;,1,-2,1|59,41,40,46,47,46,55,63,46,54,45,45,42,41
322|1,-2,1;0,2,1;,1,-1,1;-1,2,1;-2,-1,1;-1,1,1;0,0,1;2,2,1;-1,-1,1;1,2,1;-2,0,1;-1,-2,1|59,41,47,66,44,49,64,51,50,68,43,57
323|-1,-2,1;2,0,1;0,1,1;-1,0,1;0,2,1;,1,-2,1;-2,0,1;,1,-1,1;,2,-2,1;-1,2,1;1,1,1;,0,-1,1;1,0,1|55,63,45,40,40,50,51,49,65,43,54,61,59
324|1,0,1;,2,-2,1;-2,-1,1;-1,0,1;2,1,1;0,2,1;-2,0,1;,0,-1,1;-1,2,1;0,0,1;1,2,1;-1,-1,1;-2,2,1|62,45,48,66,41,51,46,56,50,45,59,69,51
325|-2,2,1;,1,-1,1;-2,0,1;,2,-2,1;-1,-1,1;2,1,1;,0,-1,1;1,0,1;,2,-1,1;0,2,1;-2,-1,1;-1,-2,1;0,1,1|45,40,41,58,43,49,48,54,68,68,47,45,68
326|0,1,1;-1,0,1;,1,-1,1;-2,1,1;-1,2,1;,1,-2,1;0,2,1;-2,0,1;-1,1,1;2,2,1;,0,-1,1;,2,-2,1;-2,2,1|42,44,45,59,62,51,42,52,46,52,69,45,45
327|-2,2,1;,1,-1,1;-1,0,1;2,2,1;-1,1,1;-2,0,1;0,1,1;,2,-1,1;1,0,1;-2,1,1;-1,-2,1;2,0,1;,0,-2,1|42,47,54,56,41,57,51,60,56,40,66,66,46
328|0,-2,1;1,1,1;2,2,1;-2,0,1;,1,-1,1;-1,-2,1;,0,-1,1;-1,0,1;1,2,1;0,1,1;-2,-1,1;,1,-2,1;-1,-1,1|46,54,61,66,67,64,48,53,43,45,42,41,46
329|-1,-1,1;,2,-2,1;-1,1,1;,1,-1,1;-1,0,1;1,1,1;,2,-1,1;-2,0,1;,0,-1,1;2,1,1;-2,-1,1;,0,-2,1|53,65,46,57,63,40,67,43,53,44,67,51
330|0,-2,1;-1,0,1;,2,-1,1;1,0,1;-2,-1,1;-1,-2,1;0,0,1;-1,1,1;1,2,1;-1,-1,1;2,1,1;,1,-1,1|51,43,65,62,48,43,46,53,61,57,67,47
331|1,-1,1;-2,-2,1;2,2,1;,0,-1,1;,2,-2,1;-2,2,1;0,0,1;-1,2,1;-2,0,1;2,1,1;1,0,1;0,2,1|59,64,43,65,48,64,65,62,40,54,50,59
332|0,2,1;-2,-2,1;-1,-1,1;-2,0,1;,0,-1,1;1,2,1;-2,1,1;-1,-2,1;0,1,1;-1,2,1;2,1,1;-2,-1,1;-1,1,1|60,48,53,47,40,51,54,57,40,44,51,59,50
333|-1,1,1;1,0,1;2,2,1;-1,-1,1;-2,1,1;,0,-2,1;2,1,1;-2,-1,1;-1,0,1;0,2,1;2,0,1;1,1,1;-2,-2,1|53,43,45,42,69,69,65,47,64,47,42,58,55
334|-2,-2,1;2,2,1;-1,1,1;,1,-1,1;-1,-2,1;0,1,1;1,2,1;-1,-1,1;2,0,1;-1,2,1;,0,-2,1;-2,-1,1;,1,-2,1|43,41,67,49,59,47,48,49,54,57,52,62,61
335|1,-2,1;-2,2,1;-1,1,1;,2,-2,1;1,2,1;-2,1,1;0,0,1;-2,-1,1;0,2,1;-1,-2,1;2,0,1;,1,-1,1|44,67,56,42,51,54,55,69,53,54,50,56
336|1,-1,1;2,0,1;-2,-1,1;,1,-2,1;2,1,1;1,0,1;-1,-1,1;1,2,1;,2,-2,1;-1,0,1;,2,-1,1;0,2,1;-2,1,1|49,55,47,42,50,60,62,49,55,65,58,61,45
337|-2,1,1;-1,2,1;2,0,1;-1,-2,1;,1,-1,1;,2,-2,1;0,0,1;,1,-2,1;-2,-1,1;2,1,1;-1,-1,1;-2,-2,1|57,64,56,56,44,63,60,50,62,53,52,67
338|-2,-2,1;2,0,1;,1,-1,1;2,1,1;-2,0,1;-1,1,1;0,0,1;-1,-1,1;2,2,1;-1,-2,1;,0,-1,1;1,1,1;,2,-2,1|54,64,44,47,51,62,43,53,55,64,55,42,43
339|2,-2,1;1,1,1;,0,-1,1;-1,2,1;-2,0,1;0,2,1;2,1,1;-2,2,1;0,0,1;-1,-2,1;2,2,1;0,1,1;-2,-1,1|55,59,61,55,63,42,52,45,40,64,48,46,41
340|-2,-1,1;-1,1,1;,0,-2,1;-1,0,1;-2,2,1;,2,-2,1;-2,1,1;-1,-1,1;0,2,1;,1,-2,1;2,0,1;0,1,1;2,2,1|63,58,54,50,48,45,52,48,59,59,43,66,42
341|2,2,1;,0,-2,1;2,0,1;,1,-1,1;0,1,1;-2,-2,1;,2,-1,1;-1,-2,1;2,1,1;1,2,1;,0,-1,1;-2,0,1|63,47,61,52,69,49,54,67,61,52,60,55
342|-2,0,1;0,2,1;,1,-2,1;2,0,1;,0,-1,1;1,2,1;,0,-2,1;-1,-1,1;1,0,1;-2,1,1;,2,-1,1;0,1,1;-2,2,1|62,42,53,59,55,57,51,48,48,43,42,46,61
343|-2,2,1;2,0,1;,1,-1,1;-2,-2,1;,0,-1,1;-1,2,1;1,1,1;0,2,1;1,0,1;,0,-2,1;-2,0,1;,2,-2,1|64,45,52,60,50,62,64,54,48,56,62,67
344|2,-2,1;1,0,1;-2,-2,1;-1,0,1;2,1,1;,0,-1,1;2,2,1;-2,-1,1;0,1,1;,1,-1,1;-2,1,1|60,63,65,53,56,49,45,69,64,61,66
345|-2,1,1;-1,2,1;2,0,1;-1,1,1;,2,-2,1;0,1,1;2,2,1;1,1,1;-1,-2,1;2,1,1;-2,0,1;,0,-2,1;1,2,1|46,44,52,62,52,48,47,57,56,49,63,58,44
346|1,2,1;,2,-1,1;-1,2,1;1,1,1;-1,-2,1;2,1,1;,1,-1,1;-2,0,1;,0,-1,1;-2,1,1;,1,-2,1;-2,2,1|49,42,51,54,45,43,62,67,52,62,51,61
347|-2,2,1;1,1,1;,2,-1,1;0,1,1;-1,0,1;,1,-1,1;,2,-2,1;1,0,1;-1,1,1;,1,-2,1;2,0,1;-1,2,1;-2,-1,1|55,47,45,59,49,49,48,69,69,45,43,47,57
348|-2,-1,1;1,2,1;,0,-1,1;2,0,1;-1,-1,1;,0,-2,1;1,0,1;0,1,1;,1,-1,1;-1,1,1;,1,-2,1;-2,1,1|56,43,44,64,62,49,60,43,64,61,54,40
349|-2,1,1;-1,-1,1;-2,2,1;,1,-1,1;0,2,1;2,1,1;,0,-2,1;-1,1,1;-2,0,1;2,2,1;-2,-1,1|67,51,65,66,64,58,62,52,52,65,55
350|-2,-1,1;,2,-2,1;-2,2,1;,2,-1,1;-2,1,1;2,2,1;-1,-2,1;0,0,1;1,2,1;0,1,1;-2,0,1;1,1,1|64,45,49,53,67,61,58,48,46,62,56,65
351|1,1,1;-1,2,1;,2,-1,1;-2,0,1;,0,-2,1;-1,0,1;2,2,1;-1,-2,1;0,2,1;1,0,1;2,1,1;-1,-1,1;-2,1,1|58,48,64,62,63,42,62,45,40,42,62,41,51
352|-2,1,1;1,2,1;-2,-1,1;-1,1,1;2,2,1;1,1,1;,0,-1,1;-1,2,1;,1,-2,1;0,0,1;-2,-2,1;1,0,1|65,61,65,61,41,65,49,53,41,57,66,40
353|1,0,1;2,2,1;-2,0,1;-1,2,1;,0,-2,1;-2,2,1;0,1,1;2,0,1;,1,-2,1;2,1,1;-2,-2,1;1,1,1;-1,-2,1|43,40,55,41,64,62,46,64,40,58,51,57,61
354|-1,-2,1;2,0,1;-2,-2,1;2,2,1;-2,0,1;0,1,1;,2,-1,1;1,1,1;,0,-1,1;-2,1,1;-1,-1,1|59,61,69,51,63,64,50,48,69,67,40
355|-1,-1,1;-2,-2,1;1,2,1;2,1,1;-2,2,1;,1,-2,1;0,0,1;2,2,1;1,1,1;0,2,1;-2,1,1;-1,-2,1|56,66,41,69,54,42,62,52,52,59,62,51
356|-1,-2,1;-2,0,1;,2,-2,1;,1,-1,1;-2,2,1;-1,0,1;-2,1,1;1,2,1;-1,1,1;-2,-1,1;1,1,1;0,0,1|59,56,55,45,52,69,48,66,40,69,52,66
357|0,0,1;-2,1,1;-1,2,1;,2,-1,1;-2,2,1;2,1,1;-1,-1,1;,2,-2,1;,1,-1,1;-1,1,1;-2,0,1;2,2,1|53,67,67,56,56,55,58,45,56,40,60,54
358|2,2,1;,0,-2,1;-1,1,1;0,0,1;-1,-2,1;-2,2,1;,1,-2,1;-1,0,1;-2,-1,1;-1,2,1;,2,-2,1;1,2,1;-2,0,1|47,51,52,44,55,58,50,61,52,47,57,41,61
359|-2,0,1;-1,1,1;2,0,1;-1,-2,1;1,1,1;0,2,1;,2,-2,1;-2,-1,1;2,1,1;-1,-1,1;2,2,1;,1,-1,1|51,69,57,51,57,64,48,67,55,64,52,52
360|1,-1,1;-2,-2,1;2,1,1;,1,-2,1;-1,-1,1;1,1,1;-2,0,1;,0,-1,1;2,0,1;0,2,1;-2,-1,1;-1,1,1;1,0,1|44,47,43,68,61,42,65,65,45,42,42,54,63
361|1,0,1;-2,-2,1;-1,2,1;-2,0,1;-1,1,1;,1,-1,1;0,1,1;,1,-2,1;,2,-1,1;-2,1,1;0,0,1;2,2,1|50,51,50,63,56,56,64,65,64,45,61,68
362|2,2,1;-1,-2,1;1,2,1;-1,0,1;0,2,1;,1,-1,1;,2,-2,1;-2,1,1;,1,-2,1;0,0,1;1,1,1;-1,-1,1|47,62,49,41,51,65,59,41,66,40,44,66
363|-1,-1,1;,2,-2,1;-1,1,1;,2,-1,1;-1,2,1;1,0,1;-2,-1,1;2,1,1;-1,-2,1;0,0,1;-2,-2,1;0,1,1|68,64,41,68,57,64,61,43,43,51,42,59
364|0,1,1;,1,-1,1;2,2,1;0,0,1;1,2,1;-2,0,1;2,1,1;0,2,1;-2,1,1;-1,0,1;,2,-2,1;-2,-1,1|69,42,58,49,62,59,61,53,57,56,64,54
365|-2,-1,1;,2,-2,1;-1,2,1;,2,-1,1;1,2,1;2,1,1;,0,-2,1;-2,2,1;,1,-2,1;2,0,1;-1,1,1;-2,0,1|45,49,47,67,59,46,49,55,45,66,63,68
366|-2,0,1;,0,-1,1;,2,-2,1;-2,2,1;0,1,1;1,2,1;-1,-1,1;-2,1,1;-1,0,1;-2,-2,1;2,1,1;0,0,1|45,60,51,63,56,49,42,67,60,59,56,64
367|0,0,1;2,2,1;-1,-2,1;1,0,1;-1,-1,1;0,2,1;-2,0,1;,2,-1,1;-2,1,1;,1,-1,1;-1,2,1;,0,-1,1;-1,0,1|46,42,61,40,48,47,64,62,53,46,59,42,62
368|-1,0,1;2,2,1;-1,1,1;,2,-2,1;-1,-1,1;2,1,1;-2,-2,1;1,2,1;,0,-2,1;-2,2,1;1,1,1;,2,-1,1|56,64,62,40,54,57,57,66,46,44,47,54
369|2,-1,1;-1,1,1;2,2,1;,0,-2,1;-1,0,1;-2,-1,1;0,1,1;-1,-1,1;0,2,1;,2,-2,1;0,0,1;1,2,1|59,62,48,40,55,66,69,43,58,50,61,47
370|1,2,1;,0,-2,1;1,0,1;-2,-2,1;0,0,1;2,2,1;-1,1,1;,2,-1,1;-2,0,1;-1,2,1;,0,-1,1;,2,-2,1|54,59,45,61,61,68,67,43,68,60,51,51
371|2,-2,1;1,0,1;-1,-2,1;,2,-1,1;-1,0,1;-2,1,1;,1,-1,1;2,0,1;0,2,1;-2,0,1;0,1,1;-2,-1,1|65,69,52,57,41,43,68,49,46,62,45,43
372|-2,-1,1;,1,-2,1;0,0,1;,1,-1,1;2,1,1;,0,-2,1;-1,2,1;1,0,1;,0,-1,1;-1,1,1;-2,-2,1;0,1,1|58,40,51,69,40,50,64,48,67,47,62,60
373|0,1,1;-2,-1,1;0,0,1;2,2,1;-1,-2,1;,0,-1,1;-2,0,1;,2,-1,1;,0,-2,1;-1,0,1;,1,-1,1;0,2,1|50,52,48,55,64,59,50,65,69,52,68,60
374|0,2,1;-2,0,1;-1,-1,1;-2,1,1;1,2,1;-1,1,1;2,2,1;-2,-1,1;,1,-2,1;,2,-1,1;-2,-2,1;-1,2,1|42,62,69,62,69,43,40,51,53,57,59,54
375|-1,2,1;-2,-1,1;2,2,1;-2,0,1;,2,-1,1;1,2,1;-2,-2,1;,1,-1,1;0,0,1;1,1,1;2,0,1|53,64,60,41,49,64,59,66,64,57,57
376|2,0,1;0,2,1;,2,-2,1;-2,0,1;,2,-1,1;-2,-2,1;0,1,1;,1,-1,1;2,1,1;,1,-2,1;-2,1,1;2,2,1|45,42,51,48,52,68,67,58,54,45,67,59
377|2,2,1;-1,-1,1;,0,-2,1;1,0,1;,2,-2,1;1,1,1;-2,2,1;-1,-2,1;2,1,1;,0,-1,1;-2,0,1;,2,-1,1;-1,2,1|67,45,45,62,56,69,43,47,45,64,62,42,40
378|-1,2,1;,2,-2,1;0,2,1;-1,1,1;1,2,1;,0,-2,1;1,1,1;-1,-2,1;0,1,1;-2,0,1;,1,-2,1;-2,1,1;-1,-1,1|58,52,45,64,45,64,50,58,44,53,41,59,41
379|-1,-1,1;1,1,1;-2,2,1;1,0,1;-2,-2,1;,2,-1,1;-2,1,1;,1,-1,1;-1,-2,1;0,0,1;-1,2,1;-2,-1,1|54,44,62,65,67,59,66,57,59,43,50,57
380|-2,-1,1;,2,-2,1;-1,0,1;,2,-1,1;1,2,1;-2,0,1;1,1,1;-1,2,1;,0,-2,1;2,2,1;-1,-2,1|53,56,65,56,66,45,68,69,54,65,54
381|-1,-2,1;,1,-1,1;-2,0,1;,0,-2,1;2,1,1;1,2,1;,0,-1,1;-2,-2,1;2,2,1;-2,-1,1;0,0,1;,2,-2,1|65,47,66,57,48,69,49,41,50,66,61,64
382|2,-2,1;1,0,1;-2,-1,1;2,2,1;,1,-1,1;0,0,1;-2,2,1;,1,-2,1;-2,0,1;-1,1,1;-2,-2,1;,0,-1,1|55,67,57,44,60,69,60,58,52,41,59,55
383|0,-1,1;-2,-2,1;,1,-1,1;-1,0,1;,1,-2,1;0,2,1;,2,-1,1;1,2,1;-1,-1,1;0,0,1;-1,1,1;2,2,1;1,0,1|48,45,40,53,66,40,51,56,62,48,51,45,40
384|1,0,1;2,1,1;,1,-1,1;,2,-2,1;-1,1,1;0,0,1;-2,-1,1;2,2,1;1,1,1;2,0,1;,1,-2,1;0,2,1;,2,-1,1|44,60,62,54,59,51,43,47,64,48,47,43,57
385|2,-1,1;-1,0,1;2,2,1;,1,-2,1;-2,2,1;,1,-1,1;2,0,1;-1,1,1;-2,-2,1;-1,-1,1;1,0,1;-1,2,1;2,1,1|68,42,46,55,63,47,48,51,46,46,68,58,61
386|2,1,1;-1,-1,1;0,1,1;-1,-2,1;,0,-1,1;-2,-2,1;,1,-1,1;-1,0,1;,2,-1,1;-2,0,1;-1,2,1;1,1,1|40,68,40,49,42,56,69,55,57,61,52,66
387|1,1,1;,0,-2,1;2,2,1;0,0,1;2,1,1;-1,-2,1;2,0,1;0,1,1;1,2,1;,2,-2,1;1,0,1;-1,2,1|62,53,68,68,40,64,59,62,44,47,62,66
388|-1,2,1;2,0,1;-1,-2,1;-2,-1,1;1,1,1;-1,-1,1;-2,1,1;-1,0,1;0,2,1;-2,0,1;2,1,1;-2,-2,1;0,0,1|65,52,66,47,47,46,45,58,50,42,58,57,60
389|0,0,1;,2,-2,1;-1,1,1;2,2,1;,0,-1,1;-1,-2,1;-2,-1,1;,0,-2,1;,2,-1,1;-2,0,1;2,1,1;,1,-1,1|50,67,52,54,58,53,52,56,60,67,55,50
390|1,-1,1;-1,-2,1;-2,2,1;2,0,1;0,1,1;,2,-1,1;1,2,1;-2,-2,1;1,0,1;-2,-1,1;2,2,1;,0,-2,1|44,45,69,67,56,65,64,44,63,62,52,56
391|0,-2,1;,1,-1,1;-1,-2,1;,0,-1,1;-2,1,1;,2,-1,1;-2,0,1;2,2,1;1,0,1;-1,-1,1;2,0,1;1,1,1|41,61,52,66,54,41,50,59,67,56,55,66
392|1,1,1;-1,0,1;,2,-2,1;,1,-1,1;-1,2,1;1,0,1;-2,-1,1;2,1,1;-2,0,1;0,1,1;2,2,1;-2,-2,1|64,40,64,67,64,49,63,69,47,54,52,53
393|-2,-2,1;-1,-1,1;2,0,1;0,2,1;1,1,1;,0,-1,1;1,0,1;,2,-2,1;0,1,1;-2,-1,1;1,2,1;-1,1,1;,1,-1,1;-2,2,1|52,40,46,53,49,47,50,59,53,54,40,43,56,54
394|-2,2,1;,1,-2,1;-1,-1,1;-2,0,1;,2,-1,1;-2,1,1;,0,-2,1;-2,-1,1;0,1,1;-1,0,1;1,2,1;,0,-1,1;-2,-2,1|55,48,60,52,56,40,42,62,42,47,52,60,51
395|-2,-2,1;-1,2,1;,2,-1,1;,1,-2,1;,0,-1,1;-2,2,1;,1,-1,1;0,1,1;2,0,1;-2,1,1;0,2,1;2,1,1;-2,0,1|57,59,47,59,46,41,54,53,42,47,51,66,41
396|-2,0,1;-1,1,1;1,2,1;-1,0,1;,2,-1,1;0,2,1;-2,1,1;,2,-2,1;,0,-1,1;-2,-2,1;2,0,1;-1,2,1|55,67,66,50,61,66,55,69,57,43,60,45
397|-1,2,1;-2,-2,1;0,2,1;1,0,1;,0,-2,1;1,2,1;-2,0,1;0,1,1;2,2,1;,0,-1,1;-1,1,1;,2,-1,1;0,0,1|44,48,43,40,62,42,67,54,63,65,40,52,41
398|0,0,1;2,2,1;1,0,1;,2,-1,1;0,2,1;1,1,1;-2,0,1;0,1,1;1,2,1;2,1,1;-2,-1,1;2,0,1;,0,-1,1|64,55,55,46,42,53,44,50,60,56,44,59,51
399|0,-1,1;-1,0,1;1,2,1;-2,-2,1;-1,2,1;,1,-2,1;-2,1,1;-1,-1,1;1,1,1;-1,-2,1;-2,2,1;,1,-1,1;0,1,1|62,61,57,53,52,52,52,44,48,42,59,56,46
400|0,1,1;-2,0,1;1,2,1;,2,-1,1;,1,-2,1;2,0,1;-2,2,1;-1,1,1;,0,-1,1;1,0,1;0,2,1;-2,1,1|50,58,44,40,47,63,41,53,55,66,58,68
401|-2,1,1;-1,-2,1;1,2,1;,0,-1,1;-2,0,1;,2,-2,1;-1,1,1;0,2,1;,2,-1,1;,1,-2,1;2,0,1;0,1,1|62,46,60,58,47,45,59,61,65,58,68,65
402|0,1,1;-2,2,1;,1,-1,1;,0,-2,1;,2,-1,1;1,2,1;-2,1,1;-1,2,1;1,0,1;,2,-2,1;,0,-1,1;,1,-2,1;2,0,1|59,43,45,64,41,58,53,48,56,56,44,51,45
403|2,0,1;0,1,1;-1,-2,1;-2,0,1;1,1,1;-1,-1,1;,2,-2,1;-1,2,1;0,0,1;-2,1,1;,1,-1,1;,0,-2,1|55,53,69,59,41,69,44,58,59,57,47,54
404|0,-2,1;2,0,1;0,2,1;-1,-1,1;-2,-2,1;,2,-1,1;1,2,1;0,0,1;2,1,1;-2,-1,1;-1,-2,1;-2,1,1|69,65,40,55,50,45,59,58,51,57,62,59
405|-2,1,1;-1,-1,1;0,0,1;-1,1,1;-2,-1,1;-1,2,1;-2,0,1;2,1,1;-1,-2,1;,1,-1,1;-2,2,1;,1,-2,1|59,49,61,64,55,46,60,65,57,44,48,46
406|1,-2,1;2,1,1;-1,-2,1;0,2,1;-2,-2,1;2,0,1;1,2,1;-2,1,1;,1,-1,1;-1,2,1;1,1,1;-1,0,1;-2,-1,1|51,41,45,68,46,61,45,40,69,52,58,61,62
407|-2,-1,1;2,0,1;-1,-1,1;-2,-2,1;,0,-1,1;,1,-2,1;0,1,1;-1,-2,1;0,2,1;-2,0,1;1,1,1;,0,-2,1;1,2,1|49,41,56,55,41,42,55,67,62,52,60,56,45
408|1,2,1;2,1,1;1,0,1;,0,-2,1;-1,1,1;,0,-1,1;,2,-2,1;-2,2,1;,1,-1,1;-1,0,1;-2,-2,1;0,1,1;,2,-1,1|47,64,40,41,51,42,57,49,62,59,56,61,52
409|2,-1,1;0,2,1;,1,-2,1;-1,-1,1;1,2,1;0,1,1;-2,2,1;-1,1,1;2,2,1;,0,-2,1;1,0,1;-1,-2,1;2,0,1|41,51,60,59,46,45,43,44,60,51,45,45,65
410|2,0,1;1,1,1;0,2,1;-2,1,1;-1,2,1;-2,0,1;,2,-1,1;1,0,1;2,2,1;-1,-2,1;1,2,1;,0,-2,1|64,63,40,61,65,53,56,45,50,44,43,56
411|0,-2,1;2,1,1;-2,-2,1;,0,-1,1;-2,2,1;1,1,1;0,2,1;1,0,1;2,2,1;-2,-1,1;,2,-2,1|62,43,52,68,68,65,52,69,54,60,51
412|2,-2,1;1,1,1;-1,-2,1;2,0,1;,0,-1,1;-2,0,1;2,1,1;0,0,1;,2,-1,1;-1,0,1;-2,-2,1;1,2,1|64,58,54,57,62,49,67,53,66,50,46,66
413|1,2,1;-1,-1,1;0,2,1;2,1,1;,1,-2,1;-2,0,1;-1,1,1;-2,-1,1;0,1,1;-2,-2,1;0,0,1;1,1,1|43,67,54,56,47,57,40,66,65,58,57,60
414|1,1,1;-2,0,1;,2,-2,1;-2,2,1;,2,-1,1;0,2,1;-1,1,1;,1,-2,1;-1,2,1;,1,-1,1;0,1,1;1,0,1;,0,-2,1|66,43,43,45,56,44,65,64,46,62,69,46,47
415|0,-2,1;-2,2,1;,2,-2,1;0,2,1;-1,-2,1;2,2,1;-2,-2,1;-1,-1,1;1,2,1;,2,-1,1;-1,1,1;-2,-1,1;-1,2,1|63,52,65,63,42,51,47,47,41,62,48,54,43
416|-1,2,1;2,1,1;-2,-1,1;0,1,1;,2,-2,1;,1,-1,1;2,2,1;1,1,1;-1,0,1;-2,1,1;-1,-2,1;1,2,1|57,67,59,67,51,50,51,54,42,69,46,48
417|1,2,1;0,1,1;-2,2,1;,2,-1,1;-1,1,1;-2,-1,1;1,1,1;-2,-2,1;-1,0,1;2,2,1;-1,-2,1;0,2,1|69,65,54,59,57,66,61,45,44,44,59,64
418|0,2,1;,1,-2,1;2,2,1;-1,0,1;-2,-1,1;0,0,1;-2,2,1;,2,-2,1;-2,0,1;1,1,1;-1,2,1;2,0,1;1,2,1|46,40,52,43,68,51,40,53,58,47,53,59,42
419|1,2,1;-1,-2,1;0,1,1;2,2,1;,0,-1,1;1,1,1;0,2,1;-2,1,1;0,0,1;,2,-2,1;-2,-1,1;,1,-2,1;-1,1,1|43,48,62,58,58,42,48,63,67,55,44,54,55
420|-1,1,1;-2,-1,1;2,2,1;-2,-2,1;-1,0,1;1,1,1;,0,-1,1;-1,-2,1;1,0,1;-2,2,1;,0,-2,1;2,0,1|68,60,51,66,69,50,66,41,61,51,53,53
421|2,0,1;0,2,1;-1,-2,1;1,2,1;-1,0,1;1,1,1;,2,-2,1;-2,1,1;,1,-1,1;-2,-2,1;2,2,1;-1,1,1;-2,-1,1|65,44,46,46,52,48,62,43,68,44,69,50,60
422|-2,-1,1;-1,1,1;,2,-1,1;1,0,1;2,2,1;0,0,1;-2,1,1;,2,-2,1;,0,-1,1;,1,-2,1;2,0,1;,0,-2,1;2,1,1|48,47,61,40,56,51,40,67,69,45,56,43,46
423|2,1,1;-1,-1,1;0,1,1;-1,-2,1;0,0,1;-2,-2,1;1,2,1;,2,-1,1;-1,0,1;2,2,1;-2,-1,1;2,0,1;,1,-1,1;-2,0,1|58,45,48,52,45,63,56,54,46,43,40,46,45,40
424|-2,0,1;-1,-1,1;0,2,1;,2,-1,1;1,0,1;-1,2,1;0,1,1;,1,-2,1;-2,2,1;0,0,1;-2,-1,1;-1,-2,1;2,0,1|45,42,59,64,44,63,51,41,52,40,51,59,54
425|2,0,1;,1,-1,1;-1,2,1;0,1,1;-1,-1,1;-2,-2,1;2,1,1;-1,0,1;0,2,1;1,1,1;-2,0,1;-1,-2,1|40,65,54,56,48,69,42,54,51,65,50,59
426|-1,-2,1;0,1,1;,2,-2,1;0,0,1;,1,-1,1;-1,1,1;0,2,1;,1,-2,1;-1,-1,1;2,0,1;-2,1,1;,2,-1,1|59,53,44,60,65,51,68,69,62,51,56,56
427|2,-1,1;-2,0,1;,1,-1,1;-1,1,1;,2,-2,1;1,2,1;0,0,1;,1,-2,1;-2,2,1;-1,-1,1;2,1,1;1,0,1;0,2,1|47,40,47,53,48,69,53,54,58,63,44,47,59
428|0,2,1;-2,-2,1;1,0,1;,0,-2,1;2,2,1;-2,1,1;1,2,1;,0,-1,1;2,1,1;-1,-2,1;1,1,1|66,61,68,50,41,66,67,61,66,69,55
429|1,1,1;-1,-2,1;2,2,1;,1,-2,1;,0,-1,1;-1,1,1;1,2,1;,0,-2,1;,2,-1,1;-2,1,1;,2,-2,1;-2,0,1;-1,-1,1|65,44,46,55,44,64,43,57,57,68,44,66,40
430|-1,-1,1;-2,2,1;2,0,1;-1,2,1;2,1,1;,1,-2,1;0,1,1;1,2,1;-2,-1,1;,0,-2,1;-2,1,1;2,2,1|51,65,54,48,64,52,41,48,51,63,56,66
431|2,2,1;,1,-2,1;,0,-1,1;-1,1,1;0,0,1;-1,-1,1;2,1,1;-2,2,1;,2,-1,1;1,0,1;-2,-1,1;0,2,1;-1,0,1|68,41,59,43,41,50,53,69,40,59,42,56,47
432|-1,0,1;2,1,1;-2,-1,1;,0,-2,1;-2,0,1;2,2,1;-2,1,1;,1,-1,1;-2,-2,1;0,2,1;,1,-2,1|51,51,58,69,68,69,45,57,67,67,64
433|1,-2,1;-2,-1,1;-1,2,1;-2,0,1;,2,-1,1;-1,0,1;0,2,1;,1,-1,1;-2,1,1;2,0,1;-2,2,1;0,0,1;2,2,1|44,67,44,50,57,42,49,43,59,69,48,54,40
434|2,2,1;-1,-1,1;,2,-2,1;,0,-1,1;-2,2,1;-1,0,1;,0,-2,1;-2,0,1;,1,-1,1;-1,1,1;,2,-1,1;,1,-2,1|63,53,57,43,69,58,44,42,65,40,69,68
435|1,-2,1;2,2,1;,0,-2,1;-2,1,1;-1,-2,1;-2,0,1;0,1,1;-2,-2,1;,1,-1,1;2,0,1;1,2,1;,2,-2,1|56,55,47,66,43,65,44,48,53,69,53,53
436|2,-2,1;1,2,1;-1,-1,1;-2,-2,1;0,0,1;-2,-1,1;,0,-2,1;-2,2,1;2,0,1;-1,2,1;,2,-1,1;1,0,1|67,58,42,65,43,59,69,64,51,48,57,45
437|1,0,1;,0,-1,1;,2,-2,1;-2,0,1;,1,-1,1;-1,0,1;-2,1,1;2,2,1;0,1,1;-2,-2,1;2,1,1|61,54,44,63,61,48,66,50,68,55,64
438|2,1,1;-2,-2,1;,2,-1,1;1,0,1;,2,-2,1;-1,2,1;,0,-1,1;2,2,1;-2,-1,1;,0,-2,1;-1,-1,1;2,0,1|51,62,67,53,61,51,41,69,42,55,44,46
439|2,0,1;1,2,1;,0,-2,1;-1,2,1;,1,-1,1;-2,2,1;-1,-2,1;1,1,1;,2,-2,1;1,0,1;,0,-1,1;2,1,1;-2,0,1;,1,-2,1|56,42,53,41,66,63,49,54,40,54,49,41,43,47
440|1,-2,1;0,1,1;2,2,1;-1,-2,1;-2,2,1;,2,-1,1;0,0,1;-2,-2,1;1,1,1;2,0,1;-2,-1,1;-1,2,1|52,59,59,40,66,59,61,41,67,54,50,58
441|-1,2,1;-2,-1,1;2,0,1;1,1,1;-1,0,1;-2,1,1;,2,-1,1;-2,-2,1;0,1,1;,2,-2,1;0,0,1;-1,-2,1|65,58,64,40,51,42,64,57,49,48,61,55
442|-1,-2,1;-2,0,1;0,1,1;1,2,1;-2,-2,1;1,1,1;,2,-2,1;,1,-1,1;2,2,1;,0,-2,1;2,0,1;,0,-1,1|54,50,50,43,66,69,69,57,48,67,58,47
443|0,-1,1;2,1,1;,1,-1,1;,2,-2,1;-1,2,1;-2,1,1;,1,-2,1;-1,1,1;1,2,1;-1,-1,1;-2,2,1;,2,-1,1;-1,0,1|50,52,63,67,46,54,54,49,61,53,46,62,42
444|-1,0,1;-2,1,1;,0,-1,1;1,2,1;0,0,1;-1,-1,1;1,1,1;,2,-2,1;1,0,1;,2,-1,1;-1,2,1;,1,-1,1|45,51,67,41,44,54,69,43,64,65,42,60
445|1,-1,1;-1,-2,1;,2,-1,1;-1,1,1;-2,-2,1;0,1,1;-2,-1,1;0,0,1;1,2,1;-2,0,1;2,2,1;,0,-1,1|58,56,56,53,45,61,59,41,52,45,54,68
446|0,-1,1;-1,1,1;,1,-2,1;-2,0,1;2,1,1;-2,-1,1;-1,-2,1;-2,1,1;,1,-1,1;-1,0,1;0,1,1;1,2,1|56,53,42,61,53,54,68,65,57,66,60,56
447|1,2,1;2,0,1;-2,-2,1;1,0,1;-2,1,1;,0,-1,1;-2,0,1;0,2,1;-2,-1,1;-1,1,1;,2,-2,1;-1,0,1|68,56,67,48,55,62,46,47,69,61,40,41
448|-1,0,1;1,1,1;-2,-1,1;,0,-2,1;1,2,1;-1,1,1;0,0,1;,2,-2,1;0,1,1;,1,-1,1;-2,2,1;1,0,1|59,50,65,48,49,44,63,43,67,52,64,44
449|1,0,1;-1,-2,1;1,1,1;2,0,1;,1,-2,1;0,0,1;-1,1,1;,2,-1,1;-2,2,1;,0,-1,1;-2,-2,1;0,2,1|57,65,44,49,65,68,46,64,66,49,54,60
450|0,2,1;-1,1,1;,2,-2,1;-2,1,1;-1,0,1;0,1,1;-1,-1,1;2,1,1;-1,2,1;,0,-2,1;2,2,1;,1,-1,1|41,54,65,51,60,66,55,59,64,64,68,51
451|1,-1,1;-1,-2,1;1,1,1;0,2,1;2,0,1;0,1,1;-2,-1,1;-1,0,1;-2,2,1;,1,-2,1;-1,-1,1;2,2,1;-2,1,1|63,55,46,52,56,41,54,41,60,42,59,58,62
452|-2,1,1;-1,2,1;0,0,1;2,2,1;0,1,1;-2,-2,1;2,1,1;-2,2,1;-1,1,1;-2,-1,1;1,2,1|53,54,58,50,45,66,66,63,63,56,66
453|1,2,1;-1,-1,1;0,1,1;2,0,1;,0,-1,1;-1,-2,1;0,2,1;1,1,1;,0,-2,1;-1,0,1;-2,-2,1;2,1,1;-1,2,1|50,41,46,47,59,44,66,51,67,47,50,50,53
454|-1,2,1;1,1,1;-1,-2,1;2,1,1;-2,-1,1;-1,1,1;,2,-2,1;-2,0,1;0,1,1;,1,-1,1;,0,-2,1;2,2,1|66,40,54,47,62,67,47,46,43,44,64,63
455|2,2,1;-1,-2,1;1,2,1;,2,-2,1;,0,-1,1;-2,0,1;-1,-1,1;-2,-2,1;2,0,1;-1,1,1;-2,2,1;,1,-1,1|56,55,45,46,69,55,51,42,64,53,53,65
456|1,-1,1;,0,-2,1;2,2,1;,0,-1,1;-1,2,1;-2,-1,1;-1,0,1;-2,2,1;0,0,1;-1,-1,1;-2,1,1;,1,-2,1|52,43,49,59,52,63,45,55,52,61,61,56
457|1,-2,1;0,2,1;-1,1,1;,1,-1,1;-1,0,1;,2,-2,1;-2,-1,1;-1,-2,1;2,0,1;-1,-1,1;0,1,1;-2,0,1|45,49,56,62,61,69,41,46,66,51,65,67
458|-2,0,1;-1,-1,1;,0,-2,1;,1,-1,1;0,0,1;,2,-1,1;-1,2,1;0,1,1;-1,0,1;1,2,1;2,1,1;,0,-1,1|60,58,62,42,49,51,48,40,63,60,67,61
459|0,-1,1;-1,0,1;2,1,1;1,0,1;0,1,1;-1,2,1;2,0,1;-1,-1,1;,0,-2,1;-2,-1,1;2,2,1;-2,-2,1|56,68,65,62,47,55,61,46,42,47,41,69
460|-2,-2,1;,2,-1,1;0,0,1;,1,-2,1;-1,2,1;,0,-2,1;-1,0,1;,2,-2,1;1,1,1;0,2,1;-2,-1,1;2,0,1;-2,1,1|52,57,65,48,58,42,43,53,48,46,45,53,62
461|-2,1,1;0,0,1;-1,-1,1;-2,-2,1;1,1,1;-2,0,1;0,1,1;-1,0,1;-2,2,1;,1,-2,1;2,0,1;-2,-1,1;,0,-2,1|52,49,52,57,54,61,68,55,42,44,43,43,59
462|0,-2,1;2,2,1;-1,-2,1;0,0,1;-2,2,1;,2,-1,1;-1,1,1;-2,-2,1;2,0,1;,0,-1,1;,2,-2,1|68,50,48,68,51,61,63,68,61,54,65
463|2,-2,1;,1,-1,1;-1,1,1;2,0,1;-2,-2,1;2,2,1;-1,-2,1;-2,-1,1;0,1,1;,1,-2,1;-1,-1,1;-2,2,1|67,66,62,42,58,61,65,45,60,40,48,67
464|-2,2,1;0,0,1;-2,-1,1;0,2,1;-1,-1,1;-2,1,1;,2,-2,1;1,2,1;2,0,1;1,1,1;-2,0,1;-1,-2,1|65,69,42,43,56,66,48,44,69,54,58,40
465|-1,-2,1;-2,2,1;2,0,1;1,2,1;-1,0,1;,0,-1,1;-2,1,1;,2,-2,1;-2,0,1;2,1,1;,1,-1,1;2,2,1|59,66,68,45,51,69,54,62,68,58,40,46
466|2,2,1;1,0,1;-1,-2,1;1,1,1;2,0,1;-1,2,1;-2,1,1;,0,-1,1;-2,0,1;-1,-1,1;,0,-2,1;2,1,1|59,40,64,68,46,62,69,57,47,45,51,55
467|2,1,1;-2,-2,1;2,0,1;,0,-2,1;1,2,1;-1,1,1;,0,-1,1;-2,2,1;0,1,1;,2,-1,1;1,0,1;-2,1,1;,1,-2,1|60,61,40,41,40,41,56,54,64,69,60,42,47
468|1,-2,1;-2,1,1;1,2,1;,2,-1,1;0,0,1;,2,-2,1;-2,2,1;,0,-2,1;-1,-1,1;-2,0,1;0,1,1;2,2,1|45,62,58,68,55,42,54,62,49,52,63,62
469|2,2,1;-2,0,1;-1,-1,1;-2,1,1;,1,-1,1;-1,1,1;2,0,1;,1,-2,1;0,2,1;,2,-1,1;-1,0,1;1,2,1|69,48,69,66,47,57,52,67,61,51,57,49
470|1,2,1;0,0,1;-2,-1,1;1,1,1;,0,-2,1;-1,2,1;,2,-2,1;-1,0,1;2,2,1;,1,-1,1;-2,2,1;-1,-1,1|48,69,67,66,52,49,45,40,62,63,44,64
471|-1,-1,1;2,2,1;0,1,1;-2,0,1;-1,1,1;0,0,1;,2,-2,1;1,0,1;-2,-1,1;2,1,1;-1,2,1;,2,-1,1;0,2,1|47,40,65,54,66,49,50,43,42,50,53,51,51
472|0,2,1;-1,0,1;,0,-1,1;-1,-2,1;0,0,1;-1,2,1;-2,1,1;1,2,1;,0,-2,1;-1,-1,1;2,1,1;,1,-2,1;2,0,1|65,48,42,69,44,40,66,44,62,42,48,59,60
473|2,0,1;-2,1,1;-1,0,1;2,2,1;,0,-1,1;1,0,1;-1,1,1;-2,-2,1;2,1,1;-2,2,1;,2,-1,1;1,2,1|48,65,44,48,65,58,48,54,55,65,65,49
474|1,2,1;,0,-2,1;2,2,1;0,1,1;,1,-1,1;2,0,1;,0,-1,1;-1,0,1;0,2,1;,1,-2,1;-2,0,1;-1,-2,1|54,44,64,64,52,57,50,47,66,66,41,55
475|-1,-2,1;0,0,1;,1,-2,1;-1,2,1;0,1,1;-1,0,1;-2,2,1;,1,-1,1;-2,-2,1;1,0,1;0,2,1;2,0,1|68,69,63,52,58,45,45,45,54,45,69,68
476|2,0,1;,1,-1,1;2,2,1;1,1,1;,2,-1,1;-2,-2,1;-1,2,1;-2,1,1;0,2,1;1,0,1;,2,-2,1;,0,-1,1|63,59,45,42,53,54,64,40,67,40,49,60
477|0,-1,1;-1,-2,1;-2,1,1;0,0,1;1,2,1;-2,-1,1;0,1,1;-1,-1,1;,1,-2,1;,2,-1,1;-2,0,1;,1,-1,1|57,67,67,57,59,41,69,54,51,47,62,50
478|1,-1,1;-2,2,1;-1,-1,1;,0,-2,1;2,2,1;-2,-1,1;,1,-2,1;,2,-1,1;0,0,1;-2,1,1;-1,-2,1;0,1,1|51,68,44,49,54,51,59,48,62,59,40,49
479|0,1,1;,2,-1,1;,1,-2,1;0,2,1;2,0,1;-2,2,1;,0,-1,1;1,0,1;-1,-1,1;-2,-2,1;1,1,1;-1,0,1;,2,-2,1|47,48,43,62,47,49,61,51,69,44,51,68,49
480|2,-2,1;-1,-1,1;-2,0,1;2,1,1;-2,-1,1;1,0,1;-1,-2,1;-2,1,1;,0,-2,1;,1,-1,1;-1,2,1|43,69,55,60,68,61,64,68,56,58,62
481|-1,2,1;1,1,1;2,0,1;,0,-2,1;-2,2,1;,2,-2,1;1,0,1;-2,-2,1;,1,-1,1;2,2,1;,0,-1,1;-2,0,1|62,43,68,49,64,68,57,52,40,66,42,69
482|-2,0,1;,2,-1,1;,1,-2,1;-1,-1,1;,0,-2,1;1,1,1;0,0,1;-2,2,1;,2,-2,1;,0,-1,1;-1,2,1;2,1,1|53,47,55,56,66,42,58,69,66,47,49,53
483|2,1,1;,0,-1,1;-1,2,1;0,1,1;-2,2,1;1,1,1;0,2,1;,1,-1,1;-2,-2,1;1,2,1;-2,-1,1;-1,0,1;-2,1,1|47,43,56,47,41,60,42,48,67,53,68,56,50
484|-2,1,1;,0,-1,1;1,2,1;2,1,1;0,0,1;,1,-2,1;-2,0,1;1,1,1;-2,2,1;-1,0,1;2,2,1;,1,-1,1|63,58,65,47,60,56,41,66,62,59,58,50
485|1,-1,1;,2,-2,1;0,1,1;-2,0,1;0,2,1;-2,-1,1;2,1,1;,1,-2,1;-1,0,1;-2,2,1;,0,-2,1;-1,1,1;,2,-1,1|66,46,41,54,62,45,63,40,66,56,44,42,53
486|2,-1,1;,1,-2,1;-2,0,1;,0,-1,1;-2,1,1;-1,2,1;1,0,1;2,2,1;0,0,1;-1,-2,1;,1,-1,1|40,63,69,69,69,69,41,64,65,59,55
487|1,-1,1;-1,-2,1;1,1,1;-2,-2,1;,2,-1,1;,1,-2,1;-2,2,1;-1,0,1;-2,1,1;,0,-2,1;-1,-1,1;0,0,1|48,60,63,59,59,63,47,68,64,69,54,43
488|0,0,1;,2,-2,1;-2,1,1;,2,-1,1;1,1,1;-1,2,1;,1,-2,1;-1,0,1;,0,-1,1;-2,2,1;,0,-2,1;-1,1,1|62,60,53,42,65,66,65,54,57,60,61,45
489|-1,1,1;,1,-2,1;0,1,1;2,0,1;-1,2,1;-2,1,1;-1,-2,1;2,2,1;1,0,1;,0,-2,1;1,1,1;,2,-1,1;-2,2,1|62,67,44,49,59,43,52,59,48,41,58,59,51
490|-2,2,1;1,0,1;-1,-2,1;-2,0,1;,0,-2,1;-1,-1,1;-2,1,1;,1,-2,1;-2,-1,1;-1,2,1;,0,-1,1;2,2,1|41,69,66,57,65,44,69,63,40,56,68,48
491|2,2,1;0,0,1;-2,-1,1;-1,-2,1;-2,1,1;,0,-1,1;,1,-2,1;-1,0,1;1,2,1;-2,0,1;,1,-1,1|53,56,59,60,56,67,53,68,69,61,58
492|1,-1,1;-1,2,1;-2,0,1;1,1,1;-2,-1,1;,0,-2,1;,2,-1,1;0,2,1;,2,-2,1;1,2,1;-2,-2,1;2,0,1|59,47,65,59,62,52,53,63,40,65,66,61
493|2,0,1;-1,2,1;,2,-2,1;-2,-1,1;0,2,1;-2,1,1;,2,-1,1;1,2,1;-2,0,1;,0,-2,1;1,1,1;0,0,1|66,42,61,68,49,57,67,48,58,57,54,64
494|0,0,1;,1,-1,1;-2,0,1;-1,1,1;-2,-2,1;-1,0,1;1,2,1;,0,-1,1;-1,-2,1;0,2,1;,1,-2,1;0,1,1|40,62,67,56,60,62,56,60,55,48,52,51
495|0,1,1;,2,-1,1;-1,2,1;-2,1,1;0,2,1;,1,-2,1;-2,2,1;-1,-2,1;,0,-1,1;1,2,1;2,1,1;0,0,1;,1,-1,1|44,57,56,61,43,40,41,52,53,56,46,50,58
496|1,-1,1;-1,0,1;0,2,1;-2,1,1;2,0,1;-2,2,1;-1,-2,1;0,0,1;2,2,1;1,0,1;-2,-1,1;2,1,1|40,58,54,40,54,63,68,50,59,57,51,56
497|2,1,1;,1,-1,1;-1,2,1;2,0,1;-2,2,1;,2,-2,1;-1,-1,1;1,0,1;-2,-1,1;0,2,1;-1,-2,1;0,1,1;,2,-1,1|49,46,40,59,46,50,54,52,51,55,49,59,60
498|2,-1,1;,1,-2,1;,0,-1,1;-1,1,1;-2,-2,1;0,0,1;-2,-1,1;1,2,1;2,1,1;-2,0,1;,1,-1,1|54,53,59,60,64,65,66,54,61,66,64
499|1,-1,1;-1,0,1;1,2,1;0,1,1;-2,-2,1;2,0,1;1,1,1;0,0,1;2,1,1;-2,0,1;-1,-2,1;1,0,1;-2,1,1|50,46,48,60,41,62,47,54,49,48,62,59,40
500|-2,1,1;,2,-2,1;1,0,1;-2,2,1;,1,-1,1;-1,2,1;0,0,1;1,2,1;-2,-1,1;0,2,1;,1,-2,1;-1,-1,1;0,1,1|45,66,42,55,41,59,51,60,64,62,46,47,59