path_num|points|times
1000|7,9,1;7,10,1;10,10,1;1,7,1;1,10,1;6,10,1;6,7,1;4,9,1;4,5,1;8,1,1|71,76,70,73,97,71,79,78,81
1001|8,1,1;10,1,1;1,4,1;1,1,1;7,3,1;8,2,1;10,4,1;8,4,1|92,94,89,87,84,94,81
1002|10,1,1;8,5,1;7,6,1;6,6,1;1,1,1;4,10,1;4,8,1;3,8,1;1,10,1|84,70,76,95,85,81,77,85
1003|1,10,1;10,10,1;9,9,1;9,5,1;8,6,1;8,7,1;6,5,1;2,9,1;1,8,1|74,91,74,77,89,97,93,98
1004|1,8,1;3,10,1;6,1,1;10,5,1;10,1,1;9,2,1;9,3,1;7,1,1;4,4,1|84,78,96,75,91,98,74,84
1005|4,4,1;7,1,1;10,4,1;10,1,1;1,4,1;1,1,1;3,3,1;2,3,1;4,1,1|72,93,85,78,72,96,90,85
1006|1,1,1;1,10,1;7,8,1;9,10,1;10,9,1;9,9,1;9,1,1;10,2,1;10,1,1|98,93,73,90,96,88,85,76
1007|1,1,1;4,10,1;8,8,1;6,10,1;6,9,1;5,10,1;1,6,1;1,2,1;5,2,1|91,81,91,74,93,96,75,71
1008|5,2,1;10,2,1;1,8,1;6,3,1;10,7,1;10,10,1;4,9,1;9,9,1;9,7,1|86,71,78,73,71,90,78,78
1009|9,7,1;10,6,1;5,1,1;1,5,1;6,10,1;8,6,1;7,6,1;7,10,1;10,7,1|90,74,77,79,79,72,77,94
1010|10,7,1;7,10,1;9,8,1;7,6,1;9,6,1;9,7,1;6,10,1;1,10,1;3,8,1|95,71,72,96,87,99,89,73
1011|1,10,1;1,1,1;10,4,1;5,4,1;10,9,1;9,10,1;6,1,1;8,3,1|85,97,93,70,97,89,89
1012|2,1,1;5,10,1;10,10,1;3,5,1;7,9,1;5,9,1;5,8,1;3,6,1;3,7,1|91,93,70,98,77,85,89,70
1013|3,7,1;10,6,1;4,1,1;1,1,1;4,10,1;1,10,1;3,8,1;10,8,1;10,10,1|83,82,85,72,90,79,76,72
1014|1,1,1;10,4,1;8,4,1;8,5,1;10,7,1;8,7,1;5,10,1;1,4,1;1,2,1|91,74,74,71,80,90,89,76
1015|1,9,1;5,1,1;10,1,1;7,10,1;10,10,1;6,6,1;9,3,1;8,3,1;9,2,1|93,90,95,81,94,97,74,75
1016|9,1,1;1,3,1;8,2,1;4,10,1;1,10,1;2,9,1;1,8,1;1,4,1;4,7,1|70,94,94,96,78,86,88,91
1017|4,7,1;7,10,1;1,1,1;10,1,1;5,6,1;10,6,1;6,2,1;2,2,1;6,4,1|79,94,71,93,81,86,80,80
1018|6,4,1;6,1,1;1,6,1;5,10,1;10,5,1;6,7,1;6,8,1;4,10,1;1,7,1|76,89,80,88,84,81,73,84
1019|1,7,1;1,10,1;10,1,1;2,7,1;2,9,1;3,8,1;3,9,1;6,6,1;6,2,1|70,75,72,89,77,73,96,74
1020|6,2,1;1,2,1;1,10,1;10,1,1;5,7,1;8,10,1;10,8,1;7,8,1;9,10,1|83,86,75,98,98,71,84,95
1021|9,10,1;10,9,1;8,1,1;10,1,1;10,2,1;1,5,1;6,5,1;8,3,1;8,2,1|95,85,85,78,84,84,80,79
1022|8,2,1;1,3,1;1,1,1;10,1,1;7,10,1;9,4,1;6,7,1;6,8,1;9,5,1|89,96,82,86,74,93,70,87
1023|9,5,1;1,5,1;1,10,1;5,6,1;2,6,1;6,10,1;2,10,1;3,9,1;2,8,1|82,81,96,82,80,81,88,82
1024|2,8,1;1,8,1;8,1,1;2,3,1;5,6,1;7,4,1;7,3,1;3,3,1;6,6,1|76,93,91,74,98,75,80,81
1025|6,6,1;6,10,1;1,5,1;7,1,1;10,4,1;7,10,1;9,8,1;9,4,1;10,3,1|77,80,83,76,72,88,92,70
1026|10,3,1;4,1,1;1,1,1;9,5,1;5,1,1;5,3,1;6,3,1;8,1,1;8,3,1|86,92,83,71,78,87,79,90
1027|8,3,1;9,10,1;7,4,1;7,9,1;4,9,1;4,5,1;6,7,1;6,8,1|81,88,90,99,92,76,98
1028|6,8,1;8,10,1;8,1,1;10,3,1;9,10,1;10,10,1;7,7,1;9,7,1;9,3,1|85,70,73,99,76,78,72,96
1029|9,3,1;9,1,1;1,3,1;7,10,1;10,7,1;8,5,1;8,8,1;10,10,1;8,10,1|73,98,77,93,79,77,77,74
1030|1,10,1;7,1,1;2,6,1;6,10,1;2,10,1;2,7,1;4,9,1;3,9,1|70,94,94,89,95,96,86
1031|3,9,1;8,10,1;10,10,1;7,1,1;10,1,1;10,3,1;9,2,1;9,4,1|93,76,97,96,89,75,94
1032|1,9,1;7,1,1;10,4,1;8,8,1;8,9,1;6,9,1;10,5,1;10,9,1|92,80,84,97,96,86,77
1033|10,9,1;8,1,1;10,1,1;10,2,1;6,10,1;10,10,1;7,7,1;6,7,1;8,9,1|80,91,83,90,79,82,91,84
1034|8,9,1;4,1,1;1,1,1;10,7,1;10,10,1;8,8,1;6,10,1;1,10,1;9,10,1|98,96,74,70,76,84,75,96
1035|9,10,1;1,10,1;4,1,1;4,4,1;7,1,1;10,1,1;10,10,1;5,5,1;8,2,1|76,87,82,75,93,87,84,93
1036|2,9,1;1,10,1;10,1,1;4,3,1;1,3,1;3,1,1;3,2,1;2,1,1|86,90,83,85,89,90,95
1037|2,1,1;1,2,1;6,1,1;10,1,1;7,10,1;10,10,1;4,6,1;1,9,1;1,10,1|94,90,82,70,75,92,93,86
1038|1,10,1;10,1,1;8,5,1;8,4,1;9,5,1;9,3,1;7,1,1;6,6,1;6,8,1|94,76,75,98,97,83,76,76
1039|8,1,1;10,1,1;1,4,1;4,1,1;4,6,1;1,3,1;1,1,1;3,3,1|77,92,88,97,93,92,76
1040|3,3,1;8,10,1;1,4,1;1,1,1;2,2,1;2,3,1;10,7,1;2,1,1;9,7,1|90,70,81,79,98,95,75,83
1041|9,7,1;6,10,1;1,5,1;7,1,1;4,4,1;4,2,1;6,4,1;5,4,1;6,3,1|96,72,71,87,92,89,82,92
1042|6,3,1;4,1,1;1,7,1;4,10,1;1,10,1;3,8,1;9,10,1;5,10,1;5,9,1|71,87,99,88,83,78,70,91
1043|5,9,1;4,10,1;1,7,1;1,10,1;7,1,1;10,4,1;6,8,1;4,8,1;8,4,1|81,79,72,99,92,70,76,91
1044|8,4,1;8,1,1;1,2,1;1,1,1;10,10,1;6,8,1;7,8,1;6,9,1;8,9,1|86,82,73,79,78,88,83,97
1045|8,9,1;9,10,1;10,10,1;1,7,1;6,7,1;1,2,1;5,4,1;5,3,1|86,84,89,91,96,99,85
1046|5,3,1;1,7,1;4,10,1;4,5,1;10,1,1;4,3,1;1,6,1;1,1,1;3,3,1|74,72,94,76,95,78,97,94
1047|3,3,1;8,10,1;3,4,1;1,6,1;5,10,1;7,10,1;10,7,1;8,7,1;6,9,1|91,70,97,85,70,99,70,78
1048|3,2,1;4,1,1;10,10,1;1,10,1;2,3,1;1,3,1;3,1,1;1,1,1|99,84,94,86,87,74,98
1049|1,1,1;1,10,1;10,10,1;8,8,1;7,9,1;6,8,1;5,9,1;2,9,1;3,8,1|72,81,74,78,88,98,82,72
1050|8,6,1;8,1,1;1,2,1;1,1,1;10,7,1;10,10,1;8,8,1;9,8,1|99,90,88,87,70,96,91
1051|9,8,1;10,8,1;1,2,1;1,1,1;10,1,1;1,7,1;1,3,1;7,10,1;10,10,1|75,74,81,98,88,82,81,92
1052|10,10,1;7,1,1;1,10,1;9,8,1;8,7,1;6,9,1;2,5,1;6,1,1;6,5,1|91,78,74,87,82,85,97,83
1053|6,5,1;6,10,1;1,5,1;1,10,1;5,10,1;2,7,1;4,3,1;2,5,1|98,95,92,98,93,84,90
1054|2,5,1;1,4,1;10,10,1;8,8,1;8,9,1;10,7,1;8,3,1;6,1,1|90,98,93,77,82,91,95
1055|6,1,1;10,1,1;1,10,1;10,10,1;10,8,1;9,9,1;8,8,1;7,9,1;8,9,1|79,93,86,73,82,82,82,90
1056|8,9,1;9,10,1;10,3,1;8,7,1;8,8,1;7,9,1;3,1,1;3,4,1;6,1,1|84,90,88,83,87,79,71,92
1057|6,1,1;10,1,1;1,7,1;1,10,1;3,8,1;9,3,1;5,7,1;1,3,1;3,1,1|86,72,90,98,77,89,86,92
1058|3,1,1;1,3,1;1,1,1;2,1,1;4,1,1;4,2,1;1,5,1;5,5,1;7,3,1|98,70,83,97,77,84,99,87
1059|7,3,1;10,3,1;1,9,1;1,10,1;10,10,1;7,1,1;7,2,1;10,2,1;9,1,1|80,80,79,95,82,96,94,72
1060|5,5,1;1,1,1;10,1,1;1,7,1;3,5,1;3,4,1;5,6,1;9,6,1;9,2,1|79,96,85,87,98,95,71,73
1061|1,1,1;1,10,1;2,5,1;2,9,1;3,8,1;3,7,1;10,2,1;7,5,1;9,3,1|94,97,70,82,94,91,73,78
1062|9,3,1;3,1,1;1,1,1;4,10,1;2,4,1;7,9,1;7,8,1;4,5,1;1,8,1|71,77,99,86,96,79,86,76
1063|1,8,1;3,10,1;1,2,1;2,1,1;1,1,1;10,4,1;10,1,1;8,7,1;10,9,1|88,86,91,79,76,71,93,76
1064|10,9,1;2,1,1;1,1,1;1,10,1;3,8,1;2,8,1;4,10,1;4,8,1;8,8,1|89,96,80,99,93,90,80,71
1065|4,1,1;5,2,1;1,6,1;1,10,1;6,5,1;5,4,1;4,4,1;1,1,1;3,1,1|96,74,87,70,77,91,96,72
1066|1,10,1;4,1,1;8,3,1;9,3,1;3,10,1;2,10,1;4,6,1;3,6,1|92,86,78,91,96,96,98
1067|3,6,1;10,6,1;6,10,1;1,5,1;7,1,1;1,4,1;6,4,1;6,2,1;2,2,1|96,83,92,84,74,92,87,75
1068|2,2,1;1,3,1;5,1,1;5,2,1;4,1,1;3,2,1;3,1,1;1,1,1;1,2,1|88,80,77,94,73,76,90,74
1069|1,2,1;1,10,1;10,10,1;7,1,1;3,3,1;2,4,1;2,3,1;10,7,1;8,7,1|80,79,93,92,73,94,73,77
1070|8,7,1;5,10,1;7,6,1;6,6,1;10,2,1;9,1,1;10,1,1;7,4,1;6,4,1|88,70,89,84,83,97,90,84
1071|6,4,1;3,1,1;1,3,1;1,10,1;10,7,1;2,3,1;7,8,1;6,9,1;7,9,1|78,74,99,99,72,87,75,94
1072|7,9,1;6,8,1;4,4,1;4,5,1;5,5,1;5,4,1;2,1,1;1,2,1;1,1,1|83,88,98,93,80,80,74,75
1073|9,5,1;10,6,1;6,10,1;1,5,1;1,1,1;8,7,1;10,9,1;8,9,1|88,88,98,92,83,82,84
1074|10,10,1;10,1,1;1,4,1;1,1,1;3,1,1;2,2,1;2,4,1;1,5,1;1,10,1|87,76,75,80,82,92,81,97
1075|9,8,1;10,7,1;8,3,1;7,2,1;8,2,1;2,10,1;10,4,1;10,2,1;9,3,1|74,80,98,95,97,83,72,91
1076|9,3,1;1,7,1;5,5,1;9,1,1;10,1,1;2,7,1;4,3,1;5,3,1|95,89,96,85,98,83,98
1077|5,3,1;6,10,1;10,6,1;5,1,1;1,5,1;4,5,1;4,3,1;6,1,1;10,1,1|76,77,87,97,90,85,99,70
1078|10,1,1;7,10,1;7,9,1;1,1,1;6,6,1;6,7,1;4,9,1;3,9,1;4,8,1|78,87,93,83,95,73,81,88
1079|10,10,1;1,4,1;1,1,1;3,3,1;2,3,1;4,1,1;4,3,1;10,1,1;5,1,1|94,72,95,90,80,81,83,99
1080|5,1,1;1,5,1;1,10,1;7,1,1;10,4,1;10,1,1;8,1,1;9,2,1;8,3,1|95,73,97,96,74,71,89,77
1081|8,3,1;7,10,1;7,9,1;2,9,1;2,5,1;5,8,1;3,8,1;3,7,1;5,5,1|85,97,75,86,95,78,84,75
1082|5,5,1;5,10,1;1,10,1;4,1,1;10,10,1;6,10,1;2,4,1;2,9,1;4,7,1|85,93,78,70,72,82,99,80
1083|4,7,1;4,10,1;4,6,1;1,3,1;10,6,1;10,1,1;3,2,1;3,1,1;2,2,1|94,95,71,77,79,86,98,99
1084|2,2,1;1,1,1;4,10,1;1,10,1;10,4,1;10,1,1;2,3,1;9,3,1|96,78,88,90,92,98,71
1085|9,3,1;10,2,1;10,1,1;1,4,1;10,7,1;8,7,1;8,6,1;10,4,1;10,3,1|93,95,71,79,75,98,85,95
1086|10,3,1;6,1,1;10,1,1;10,2,1;6,2,1;5,1,1;1,5,1;1,1,1;4,1,1|75,85,82,80,75,70,91,91
1087|4,1,1;1,4,1;3,2,1;7,6,1;4,6,1;4,4,1;2,4,1;1,5,1;1,10,1|76,97,73,82,79,90,72,94
1088|1,10,1;10,7,1;10,10,1;7,1,1;10,1,1;8,3,1;8,2,1;7,2,1;1,9,1|93,83,85,75,85,90,99,87
1089|1,9,1;10,3,1;8,5,1;8,4,1;10,6,1;8,8,1;8,6,1;9,6,1|75,89,85,97,84,96,92
1090|2,6,1;6,10,1;10,10,1;1,4,1;4,1,1;6,3,1;6,1,1;8,3,1;8,1,1|76,73,84,97,94,72,97,92
1091|1,10,1;10,10,1;4,1,1;5,6,1;1,2,1;2,1,1;2,2,1;1,3,1;6,10,1|94,95,84,76,71,92,71,97
1092|6,10,1;10,10,1;1,1,1;10,4,1;5,4,1;10,9,1;10,5,1;7,5,1;9,7,1|77,87,93,75,96,80,84,78
1093|9,7,1;10,8,1;6,10,1;6,9,1;7,10,1;8,9,1;7,9,1;8,10,1;10,10,1|86,80,72,87,91,83,97,81
1094|10,10,1;1,7,1;4,10,1;6,8,1;6,10,1;5,10,1;1,6,1;6,1,1;10,1,1|93,85,90,90,87,85,73,90
1095|10,1,1;7,10,1;3,8,1;4,8,1;4,9,1;5,9,1;10,4,1;8,8,1;9,8,1|89,82,83,87,99,76,98,85
1096|9,8,1;10,7,1;1,4,1;1,1,1;6,6,1;4,6,1;1,9,1;10,9,1|77,81,92,81,99,99,82
1097|10,3,1;6,1,1;10,1,1;7,4,1;7,5,1;9,5,1;5,1,1;1,1,1;5,3,1|97,85,87,70,93,92,90,80
1098|5,3,1;5,10,1;10,10,1;10,1,1;1,1,1;4,4,1;1,7,1;1,10,1|97,96,97,87,99,82,72
1099|1,10,1;10,4,1;1,7,1;9,3,1;10,3,1;10,1,1;8,1,1;9,2,1|73,96,84,82,97,96,96
1100|9,2,1;9,1,1;1,9,1;6,3,1;4,1,1;3,2,1;3,1,1;4,2,1|96,88,87,81,89,99,81
1101|4,2,1;4,1,1;1,4,1;10,1,1;5,1,1;10,6,1;6,6,1;10,10,1;6,8,1|97,70,77,86,71,82,87,98
1102|6,8,1;1,8,1;1,10,1;2,9,1;3,10,1;3,9,1;4,10,1;10,1,1;1,4,1|96,90,89,75,91,73,83,85
1103|1,4,1;1,1,1;10,1,1;9,2,1;9,6,1;8,5,1;8,4,1;6,6,1|98,90,98,97,79,89,87
1104|6,6,1;10,10,1;1,7,1;3,3,1;3,4,1;2,4,1;2,5,1;3,6,1;3,10,1|81,98,76,88,81,82,98,87
1105|3,10,1;1,8,1;10,2,1;10,1,1;1,1,1;4,10,1;4,6,1;5,7,1;5,6,1|87,97,75,89,79,77,93,78
1106|5,6,1;1,6,1;1,1,1;2,1,1;6,5,1;6,2,1;4,2,1;5,3,1|95,98,82,91,78,91,93
1107|9,6,1;9,10,1;1,2,1;1,1,1;4,10,1;1,10,1;1,3,1;5,7,1;3,9,1|96,82,86,86,98,84,75,80
1108|3,9,1;10,8,1;10,10,1;1,10,1;7,1,1;3,7,1;6,4,1;9,7,1|83,98,97,84,96,98,80
1109|9,7,1;8,7,1;5,10,1;10,10,1;8,8,1;10,8,1;10,1,1;9,6,1;9,2,1|80,81,76,96,91,71,74,98
1110|9,2,1;10,2,1;10,1,1;1,10,1;10,7,1;10,10,1;5,5,1;5,2,1;8,2,1|75,82,83,88,73,83,74,88
1111|7,10,1;10,7,1;8,3,1;7,3,1;10,6,1;10,2,1;7,8,1;8,7,1;1,2,1|75,81,99,94,82,85,93,80
1112|1,1,1;10,4,1;1,10,1;5,2,1;5,5,1;1,5,1;1,9,1;4,6,1;2,6,1|71,94,90,95,84,93,84,75
1113|2,6,1;2,1,1;10,1,1;5,2,1;9,2,1;8,3,1;9,4,1;9,5,1;7,3,1|90,99,77,99,76,75,73,75
1114|7,3,1;5,1,1;10,1,1;1,10,1;1,1,1;10,7,1;8,5,1;10,5,1;10,6,1|75,87,76,96,70,81,95,76
1115|10,6,1;10,10,1;1,10,1;1,1,1;2,7,1;2,9,1;9,8,1;8,1,1;10,1,1|75,77,82,74,91,87,80,83
1116|10,1,1;7,10,1;5,8,1;8,8,1;6,10,1;1,10,1;4,1,1;6,3,1;2,7,1|90,80,90,79,99,84,85,87
1117|2,7,1;5,10,1;10,5,1;6,1,1;1,2,1;5,2,1;5,5,1;1,9,1;3,5,1|98,73,85,91,89,77,99,76
1118|3,5,1;3,1,1;1,9,1;2,10,1;6,8,1;10,8,1;10,10,1;9,10,1;9,9,1|81,70,82,88,94,76,96,98
1119|9,9,1;9,10,1;10,10,1;8,8,1;2,10,1;1,10,1;4,7,1;2,7,1;2,6,1|75,89,95,84,91,94,74,70
1120|2,6,1;1,5,1;10,5,1;10,10,1;4,6,1;3,6,1;1,8,1;3,8,1;3,7,1|84,81,71,89,75,95,99,98
1121|3,7,1;1,9,1;1,10,1;10,7,1;1,4,1;1,1,1;6,6,1;10,2,1;10,6,1|91,74,86,83,90,96,72,70
1122|10,6,1;10,10,1;4,1,1;10,5,1;7,2,1;5,2,1;9,6,1;9,5,1;8,6,1|78,95,71,72,75,92,96,75
1123|8,6,1;10,8,1;5,1,1;1,1,1;8,7,1;10,9,1;10,10,1;6,8,1;1,3,1|78,80,76,78,96,74,98,86
1124|9,2,1;9,1,1;10,2,1;8,10,1;1,10,1;1,1,1;7,8,1;9,10,1|79,70,97,86,98,94,88
1125|9,10,1;1,6,1;1,10,1;2,10,1;2,6,1;1,5,1;5,1,1;10,1,1|99,96,74,87,90,92,95
1126|7,1,1;10,1,1;10,10,1;9,4,1;9,2,1;2,1,1;1,2,1;2,2,1;1,7,1|76,78,90,73,84,79,72,84
1127|1,6,1;5,10,1;10,5,1;10,10,1;7,1,1;10,4,1;5,4,1;7,6,1;8,6,1|75,78,89,99,72,95,79,86
1128|8,6,1;8,10,1;1,3,1;1,1,1;4,4,1;7,7,1;6,7,1;3,10,1;1,8,1|82,84,86,70,71,97,83,75
1129|1,8,1;3,10,1;10,4,1;10,5,1;6,9,1;9,9,1;8,8,1;9,8,1|91,98,95,78,77,88,86
1130|9,8,1;7,10,1;4,1,1;10,10,1;8,10,1;9,9,1;8,8,1;9,7,1;8,7,1|86,73,92,88,94,80,74,95
1131|8,7,1;10,7,1;1,4,1;6,4,1;6,1,1;7,2,1;7,3,1;9,1,1|83,95,93,70,91,92,79
1132|9,1,1;10,1,1;7,10,1;10,10,1;10,8,1;9,9,1;9,7,1;6,4,1|70,90,92,93,96,91,95
1133|6,4,1;3,1,1;1,5,1;2,5,1;1,6,1;5,10,1;10,10,1;7,1,1;7,9,1|86,94,95,88,74,70,82,74
1134|7,9,1;9,1,1;1,5,1;2,5,1;1,4,1;2,4,1;1,3,1;2,3,1|92,81,78,86,95,84,99
1135|2,3,1;4,1,1;7,10,1;7,5,1;10,8,1;10,10,1;8,8,1;8,7,1|80,96,96,93,78,88,73
1136|8,7,1;10,9,1;10,10,1;1,7,1;1,6,1;4,9,1;3,10,1;1,8,1;1,10,1|76,89,89,82,99,72,71,97
1137|1,10,1;10,7,1;10,10,1;8,8,1;8,6,1;10,4,1;10,1,1;6,3,1;1,8,1|83,78,74,84,74,84,96,97
1138|1,8,1;1,10,1;10,4,1;2,10,1;7,5,1;8,5,1;4,9,1;5,10,1;10,5,1|91,76,90,88,94,72,95,78
1139|10,5,1;10,1,1;1,7,1;9,3,1;8,10,1;7,10,1;7,6,1;4,9,1;3,8,1;1,8,1|77,89,87,73,71,77,75,76,74
1140|1,8,1;3,10,1;1,10,1;1,9,1;10,6,1;10,1,1;8,5,1;7,5,1;8,6,1|83,85,81,92,73,72,98,85
1141|8,6,1;8,1,1;1,1,1;10,7,1;7,10,1;7,8,1;3,10,1;6,10,1;5,9,1|76,84,93,79,70,73,75,86
1142|5,9,1;10,9,1;10,10,1;1,7,1;1,6,1;6,1,1;2,1,1;3,2,1;2,3,1|84,73,91,87,79,97,77,77
1143|2,3,1;1,3,1;1,4,1;5,8,1;10,3,1;9,10,1;7,8,1;7,7,1;1,2,1|76,85,88,74,91,74,78,96
1144|1,2,1;1,1,1;10,7,1;4,3,1;1,6,1;1,10,1;6,5,1;5,4,1;6,4,1|84,87,90,93,91,84,74,81
1145|6,4,1;1,4,1;4,1,1;10,10,1;5,5,1;1,5,1;6,10,1;9,10,1;5,6,1|76,72,72,72,98,85,99,70
1146|5,6,1;5,1,1;1,1,1;4,4,1;4,2,1;3,2,1;1,4,1;10,10,1;6,6,1|98,75,76,83,79,87,84,71
1147|6,6,1;1,6,1;1,10,1;10,10,1;7,7,1;2,7,1;2,9,1;7,8,1;10,5,1|72,89,93,73,95,87,95,83
1148|10,5,1;5,10,1;7,6,1;8,6,1;3,1,1;1,1,1;4,10,1;1,10,1;1,8,1|92,96,80,99,76,70,97,87
1149|1,8,1;3,10,1;1,10,1;1,9,1;1,7,1;4,4,1;2,4,1;2,5,1|86,87,99,93,93,98,71
1150|2,5,1;1,5,1;1,1,1;7,10,1;10,10,1;8,8,1;8,1,1;10,1,1;9,2,1|80,96,84,94,80,70,73,98
1151|9,2,1;8,1,1;10,1,1;7,10,1;4,1,1;7,1,1;9,3,1;9,7,1;10,8,1|91,96,75,75,70,97,93,95
1152|2,1,1;1,2,1;1,1,1;10,7,1;3,1,1;3,2,1;7,6,1;3,10,1;1,10,1|86,87,99,74,87,85,96,71
1153|6,7,1;9,10,1;10,10,1;8,10,1;7,9,1;9,7,1;8,7,1;1,1,1;5,7,1|87,94,71,75,81,90,76,82
1154|5,7,1;1,3,1;3,1,1;10,2,1;3,2,1;3,4,1;4,3,1;4,10,1;8,8,1|84,96,90,74,70,91,71,82
1155|8,8,1;1,1,1;4,10,1;10,1,1;4,9,1;9,9,1;7,1,1;5,3,1|91,74,86,91,89,99,86
1156|5,3,1;5,1,1;1,5,1;1,1,1;2,2,1;2,1,1;4,1,1;2,3,1;6,3,1|89,95,73,97,93,72,70,78
1157|6,3,1;5,10,1;1,6,1;1,1,1;5,5,1;5,9,1;6,10,1;10,10,1;7,7,1|93,94,95,70,72,80,92,98
1158|7,7,1;4,10,1;8,8,1;7,8,1;3,6,1;2,6,1;4,8,1;4,9,1;5,8,1|70,90,93,83,74,70,99,87
1159|5,8,1;6,1,1;10,1,1;10,10,1;6,6,1;9,6,1;9,8,1;8,7,1|93,97,77,96,97,73,91
1160|8,7,1;10,5,1;10,10,1;7,1,1;7,3,1;6,3,1;4,1,1;4,3,1;2,1,1|87,93,82,95,82,83,87,86
1161|9,10,1;1,8,1;8,1,1;2,6,1;1,5,1;1,7,1;3,9,1;2,10,1;1,10,1|82,79,89,81,94,87,96,82
1162|1,10,1;3,6,1;4,5,1;3,5,1;8,10,1;1,9,1;1,5,1;5,9,1;5,8,1|81,70,85,84,90,70,98,84
1163|5,8,1;1,8,1;10,2,1;10,10,1;4,9,1;3,10,1;3,9,1;1,9,1;1,10,1|90,86,87,82,74,73,74,88
1164|9,6,1;10,7,1;10,10,1;4,1,1;5,6,1;5,2,1;8,2,1;6,4,1;9,7,1|78,89,98,91,80,72,93,95
1165|2,9,1;6,1,1;1,1,1;4,10,1;2,2,1;6,2,1;6,4,1;5,3,1;5,4,1|78,93,82,79,74,88,88,78
1166|5,4,1;1,8,1;1,10,1;10,7,1;10,10,1;4,1,1;9,6,1;7,6,1;4,9,1|98,71,88,76,84,97,81,88
1167|4,9,1;5,10,1;1,10,1;4,1,1;10,10,1;6,10,1;10,6,1;5,1,1|92,82,99,77,99,75,95
1168|5,1,1;10,1,1;7,10,1;10,10,1;4,8,1;1,8,1;8,2,1;9,3,1|84,96,98,92,97,81,96
1169|9,3,1;10,3,1;9,4,1;6,1,1;1,6,1;1,1,1;5,1,1;2,4,1;6,8,1|92,79,96,83,88,70,75,75
1170|6,8,1;6,10,1;1,5,1;1,10,1;10,7,1;7,10,1;7,5,1;3,1,1;10,1,1|83,70,73,87,86,77,75,97
1171|10,1,1;1,4,1;4,1,1;6,3,1;7,3,1;7,1,1;9,1,1;8,2,1;10,4,1|80,70,78,79,87,75,83,82
1172|10,4,1;10,1,1;10,5,1;7,2,1;6,2,1;1,7,1;1,10,1;1,1,1;3,1,1|91,82,89,96,96,80,88,75
1173|3,1,1;1,3,1;10,9,1;10,1,1;1,4,1;5,6,1;6,6,1;6,7,1;7,7,1|91,81,84,90,81,92,83,78
1174|1,6,1;6,1,1;1,1,1;10,4,1;1,10,1;6,3,1;5,3,1;7,5,1;7,6,1|75,83,73,89,93,82,73,83
1175|7,6,1;7,10,1;10,10,1;7,1,1;3,5,1;2,4,1;3,4,1;5,2,1;6,3,1|78,87,85,89,83,94,73,98
1176|6,3,1;4,1,1;1,1,1;4,10,1;1,10,1;3,8,1;10,9,1;8,1,1;5,1,1|70,79,84,82,89,72,70,75
1177|5,1,1;1,1,1;7,10,1;3,2,1;10,9,1;9,10,1;8,10,1;8,8,1;10,6,1|90,94,90,90,81,73,93,70
1178|10,6,1;10,1,1;10,10,1;1,1,1;3,1,1;8,7,1;9,8,1;7,10,1|88,89,98,79,83,98,89
1179|7,10,1;4,1,1;4,6,1;9,1,1;5,7,1;2,10,1;2,6,1;3,5,1;3,3,1|73,88,79,73,96,95,86,77
1180|3,3,1;1,3,1;3,1,1;6,10,1;6,5,1;2,1,1;1,2,1;1,1,1|94,74,87,92,98,78,90
1181|1,1,1;2,2,1;3,1,1;6,10,1;4,8,1;4,10,1;2,8,1;1,8,1;3,10,1|79,77,93,78,92,71,80,73
1182|3,10,1;6,1,1;4,7,1;4,10,1;7,4,1;7,6,1;8,5,1;10,7,1;8,7,1|94,82,70,90,77,91,87,94
1183|8,7,1;10,5,1;6,1,1;10,1,1;9,2,1;8,2,1;4,10,1;4,7,1;7,10,1|71,80,76,75,86,97,98,87
1184|7,10,1;6,9,1;10,5,1;6,1,1;10,1,1;9,2,1;8,2,1;10,4,1;5,9,1|72,74,82,73,72,89,78,80
1185|5,9,1;4,10,1;1,7,1;10,4,1;10,1,1;1,4,1;9,4,1;10,5,1;5,10,1|70,81,81,93,75,85,92,92
1186|5,10,1;1,10,1;10,1,1;7,10,1;7,5,1;3,1,1;5,5,1;4,4,1;4,3,1|80,94,88,96,95,85,88,71
1187|1,10,1;2,9,1;1,8,1;2,8,1;4,4,1;5,4,1;4,3,1;1,6,1;1,7,1|80,73,77,92,81,79,90,99
1188|2,10,1;2,1,1;10,1,1;10,2,1;6,6,1;3,3,1;7,3,1;6,2,1;8,2,1|90,97,74,74,80,98,86,87
1189|8,2,1;10,2,1;8,10,1;9,5,1;9,8,1;3,1,1;6,4,1;7,4,1;8,3,1|85,99,91,94,77,70,84,75
1190|8,3,1;10,3,1;10,10,1;1,4,1;3,8,1;4,8,1;5,9,1;3,9,1|72,95,91,94,97,97,87
1191|3,9,1;5,1,1;1,1,1;2,2,1;3,2,1;1,4,1;2,4,1;10,10,1;4,9,1|79,71,76,93,87,75,76,79
1192|4,9,1;1,6,1;3,8,1;8,8,1;10,6,1;8,6,1;10,4,1;10,5,1;6,1,1|97,70,89,87,77,83,85,99
1193|8,9,1;4,1,1;5,2,1;5,1,1;10,1,1;9,7,1;9,10,1;10,9,1;10,10,1|84,93,75,98,88,70,74,70
1194|10,10,1;10,1,1;1,4,1;10,7,1;10,5,1;7,8,1;6,8,1;6,7,1;8,5,1|70,83,87,96,82,98,81,79
1195|8,5,1;4,1,1;1,4,1;10,10,1;7,1,1;5,1,1;9,5,1;5,9,1;9,9,1|75,73,96,95,89,90,81,90
1196|9,9,1;10,10,1;1,10,1;4,1,1;4,9,1;2,7,1;3,7,1;2,6,1|95,92,76,93,90,96,78
1197|2,6,1;1,7,1;4,10,1;5,9,1;4,9,1;10,1,1;4,8,1;9,3,1;7,1,1|93,81,95,72,70,82,83,70
1198|7,1,1;10,7,1;5,2,1;3,2,1;7,6,1;3,10,1;7,8,1;7,9,1;1,2,1|73,98,73,80,95,81,93,93
1199|1,2,1;2,1,1;1,1,1;3,5,1;3,4,1;1,4,1;3,6,1;5,6,1;10,1,1|86,75,77,80,80,80,84,84
1200|10,1,1;1,4,1;5,8,1;5,9,1;1,5,1;1,9,1;2,8,1;3,9,1;4,9,1|90,80,77,96,73,91,82,84
1201|4,9,1;5,10,1;10,5,1;6,1,1;1,2,1;5,2,1;5,1,1;1,1,1|98,78,92,95,93,92,78
1202|1,3,1;10,3,1;10,1,1;9,2,1;9,1,1;8,2,1;8,1,1;3,2,1;1,2,1|80,96,76,73,94,99,74,81
1203|1,2,1;2,1,1;1,1,1;10,4,1;8,8,1;8,7,1;3,2,1;4,1,1|97,88,94,87,82,93,88
1204|4,1,1;1,1,1;10,4,1;8,8,1;8,10,1;1,5,1;1,10,1;3,2,1;9,6,1|80,75,83,87,82,82,71,71
1205|9,6,1;10,7,1;10,10,1;7,1,1;3,9,1;1,9,1;1,8,1;10,5,1;10,6,1|75,98,94,77,81,98,77,76
1206|10,6,1;10,1,1;1,4,1;4,1,1;9,1,1;1,7,1;4,10,1;6,6,1;9,3,1|80,87,96,72,83,96,99,75
1207|9,3,1;1,9,1;2,8,1;1,7,1;1,8,1;2,7,1;1,6,1;2,5,1;2,6,1|90,94,80,96,70,71,81,77
1208|2,6,1;2,1,1;1,1,1;3,3,1;3,6,1;8,1,1;10,1,1;8,7,1|95,70,93,86,83,95,91
1209|8,7,1;8,10,1;1,4,1;2,5,1;2,9,1;5,9,1;3,7,1;3,8,1|94,99,83,74,93,87,94
1210|7,2,1;7,1,1;7,3,1;10,3,1;3,10,1;1,10,1;1,2,1;9,6,1;8,6,1|89,79,77,81,91,74,95,96
1211|8,6,1;10,8,1;10,10,1;1,4,1;4,1,1;8,9,1;8,7,1;5,7,1;7,9,1|73,79,71,97,80,85,80,80
1212|7,9,1;10,6,1;10,1,1;9,1,1;5,5,1;5,2,1;6,3,1;6,2,1;7,2,1|72,95,97,78,70,83,89,74
1213|7,2,1;10,5,1;10,1,1;5,2,1;5,6,1;8,6,1;6,4,1;6,5,1|87,79,89,97,88,87,85
1214|6,5,1;6,10,1;1,5,1;1,1,1;10,1,1;5,2,1;9,2,1;8,3,1|75,84,98,92,97,94,78
1215|1,10,1;1,1,1;10,4,1;5,4,1;10,9,1;10,5,1;9,6,1;9,7,1;6,10,1|86,81,85,91,77,70,79,71
1216|6,10,1;1,5,1;5,1,1;5,8,1;7,10,1;10,7,1;10,10,1;6,6,1;10,2,1|89,91,74,98,91,84,71,73
1217|10,2,1;10,1,1;10,3,1;7,6,1;9,6,1;9,5,1;5,1,1;1,1,1;3,7,1|99,74,92,75,98,91,87,77
1218|3,7,1;1,9,1;1,10,1;10,10,1;1,1,1;5,3,1;5,2,1;10,7,1;8,9,1|81,78,99,97,72,70,96,99
1219|8,9,1;10,7,1;10,10,1;1,1,1;3,5,1;4,5,1;1,8,1;5,10,1;5,9,1|83,87,88,96,73,70,82,87
1220|5,9,1;1,9,1;2,10,1;10,10,1;4,8,1;1,8,1;1,1,1;3,3,1;2,3,1|95,71,73,72,88,97,93,95
1221|2,3,1;4,1,1;1,10,1;3,6,1;2,6,1;6,10,1;8,8,1;10,8,1;10,10,1|77,79,79,76,99,82,96,99
1222|10,10,1;10,1,1;1,1,1;9,7,1;9,2,1;7,6,1;8,6,1;5,3,1|89,80,83,87,99,84,98
1223|5,3,1;1,7,1;4,10,1;1,10,1;10,4,1;10,1,1;8,3,1;8,1,1;1,2,1|88,71,97,99,82,74,75,90
1224|1,2,1;7,10,1;10,7,1;6,5,1;6,1,1;1,1,1;10,10,1;10,8,1;7,5,1|97,98,78,88,76,90,97,70
1225|7,5,1;7,1,1;10,4,1;10,1,1;8,3,1;10,5,1;5,10,1;1,10,1;6,5,1|85,93,75,85,75,86,99,87
1226|6,5,1;1,5,1;5,1,1;10,6,1;6,10,1;1,10,1;1,6,1;7,8,1;10,5,1|74,72,76,98,85,95,72,87
1227|10,5,1;8,1,1;10,1,1;7,4,1;6,4,1;8,2,1;10,4,1;10,2,1|90,86,95,93,90,87,99
1228|10,2,1;9,1,1;10,8,1;10,10,1;1,7,1;1,6,1;5,2,1;5,6,1;2,6,1|71,96,78,95,70,91,79,80
1229|2,6,1;10,8,1;8,10,1;1,9,1;5,7,1;5,8,1;6,7,1;9,10,1;10,10,1|78,96,85,85,82,78,95,94
1230|10,10,1;7,1,1;3,3,1;1,3,1;6,10,1;9,10,1;2,4,1;6,8,1|88,89,85,96,96,91,93
1231|6,8,1;1,8,1;3,10,1;6,1,1;1,1,1;7,3,1;6,4,1;4,2,1;4,3,1|78,89,74,88,77,82,95,96
1232|4,3,1;1,9,1;1,1,1;10,1,1;9,7,1;4,2,1;2,2,1;2,3,1;6,7,1|70,74,86,94,85,91,77,83
1233|6,7,1;1,2,1;3,6,1;7,10,1;1,9,1;10,6,1;7,9,1;10,9,1;9,10,1|89,91,87,76,75,89,93,94
1234|9,10,1;10,9,1;3,10,1;1,10,1;1,1,1;7,3,1;10,3,1;5,8,1;10,8,1|80,97,92,92,85,94,83,75
1235|10,8,1;10,10,1;1,7,1;9,9,1;7,1,1;2,1,1;8,3,1;10,1,1|91,92,75,94,84,90,83
1236|1,9,1;1,10,1;10,7,1;4,9,1;5,8,1;6,9,1;7,8,1;7,9,1;8,8,1|86,79,87,90,84,76,80,93
1237|8,8,1;10,4,1;5,4,1;6,3,1;8,3,1;10,1,1;1,1,1;6,7,1;9,10,1|79,90,96,94,76,97,70,87
1238|9,10,1;1,4,1;1,1,1;10,1,1;6,5,1;5,5,1;2,2,1;2,3,1;3,2,1|79,98,94,85,87,83,98,70
1239|3,2,1;2,1,1;1,2,1;2,2,1;10,6,1;10,10,1;9,9,1;9,8,1;4,3,1|76,99,96,85,72,83,80,83
1240|4,3,1;1,6,1;1,10,1;10,7,1;8,3,1;5,3,1;2,6,1;4,6,1;2,8,1|94,77,81,91,85,86,71,99
1241|2,8,1;3,1,1;10,2,1;10,1,1;10,3,1;9,3,1;6,6,1;3,3,1;4,2,1|82,90,82,95,91,82,77,74
1242|4,2,1;1,8,1;1,10,1;2,9,1;2,10,1;8,5,1;10,7,1;10,3,1;9,4,1|71,80,78,79,70,93,78,78
1243|7,2,1;1,10,1;10,7,1;8,7,1;8,6,1;10,4,1;8,4,1;10,2,1;10,3,1|70,79,79,99,92,89,73,87
1244|10,3,1;4,1,1;1,1,1;7,10,1;6,9,1;6,7,1;9,4,1;5,4,1;4,5,1|86,81,83,81,96,84,70,85
1245|4,5,1;1,8,1;3,4,1;3,3,1;6,6,1;5,7,1;6,7,1;5,6,1;4,6,1|77,83,90,73,78,89,98,98
1246|4,6,1;1,9,1;1,10,1;10,4,1;2,10,1;7,5,1;7,6,1;10,9,1;6,9,1|90,72,94,76,81,87,99,90
1247|6,9,1;1,9,1;1,10,1;10,10,1;1,7,1;2,8,1;4,6,1;5,6,1;8,9,1|75,79,96,93,83,80,76,89
1248|8,9,1;10,7,1;10,10,1;1,1,1;6,7,1;3,10,1;1,8,1;1,10,1|95,96,88,95,96,91,73
1249|1,10,1;10,7,1;10,10,1;7,1,1;10,1,1;10,6,1;7,3,1;7,6,1;8,7,1|83,72,77,96,78,85,80,77
1250|8,7,1;8,10,1;6,6,1;7,7,1;6,7,1;4,5,1;1,8,1;1,10,1;4,7,1|91,97,76,76,88,89,82,90
1251|4,7,1;1,7,1;10,1,1;5,6,1;9,10,1;3,8,1;1,10,1;1,8,1|82,90,85,99,79,92,78
1252|1,8,1;6,1,1;6,6,1;1,1,1;5,1,1;5,4,1;3,2,1;4,2,1|98,99,76,89,73,87,85
1253|4,2,1;5,1,1;1,1,1;1,10,1;10,10,1;2,4,1;2,9,1;10,7,1;10,9,1|70,85,97,72,77,91,79,84
1254|10,9,1;8,1,1;7,1,1;3,3,1;2,3,1;2,5,1;7,10,1;1,8,1;4,8,1|78,81,95,83,78,82,79,93
1255|4,8,1;1,8,1;10,2,1;5,8,1;4,7,1;3,7,1;7,3,1;9,5,1;9,3,1|81,75,86,72,84,92,79,99
1256|9,3,1;10,2,1;10,1,1;7,10,1;3,8,1;4,8,1;3,9,1;5,9,1|98,86,96,99,96,89,92
1257|5,9,1;1,5,1;5,1,1;4,7,1;4,3,1;1,6,1;1,10,1;3,8,1;5,10,1|94,70,92,96,72,92,90,91
1258|5,10,1;10,5,1;10,10,1;6,10,1;1,5,1;5,7,1;7,7,1;6,8,1|94,82,78,96,83,99,99
1259|6,8,1;10,4,1;10,1,1;1,10,1;10,10,1;10,5,1;9,4,1;9,3,1;7,1,1|73,81,94,88,83,87,82,80
1260|7,1,1;10,4,1;10,1,1;8,1,1;9,2,1;5,4,1;5,1,1;6,1,1;7,2,1|86,78,77,99,78,95,83,74
1261|7,2,1;6,1,1;1,7,1;5,1,1;5,6,1;2,6,1;4,4,1;4,2,1;2,4,1|70,85,86,84,79,86,83,72
1262|2,4,1;1,4,1;4,1,1;5,2,1;4,2,1;2,10,1;1,10,1;1,5,1|98,98,90,93,84,90,75
1263|1,5,1;1,1,1;10,4,1;6,6,1;6,2,1;2,2,1;3,9,1;1,9,1;1,10,1|72,93,84,91,71,97,93,89
1264|6,3,1;8,1,1;5,10,1;10,10,1;6,2,1;10,6,1;10,1,1;9,1,1;9,4,1|92,79,85,74,93,96,95,81
1265|9,4,1;1,6,1;7,5,1;10,5,1;5,10,1;5,7,1;7,7,1;10,10,1|95,76,85,85,97,95,90
1266|10,10,1;4,1,1;1,1,1;3,9,1;2,10,1;1,9,1;1,10,1;3,8,1;2,7,1|99,71,75,99,91,87,90,82
1267|2,7,1;5,10,1;10,10,1;10,1,1;6,9,1;6,6,1;9,9,1;7,1,1;1,10,1|97,75,81,72,70,84,72,71
1268|1,10,1;10,4,1;7,1,1;3,9,1;1,9,1;1,8,1;7,3,1;8,3,1|92,99,90,79,86,93,86
1269|5,2,1;3,10,1;10,9,1;6,7,1;1,1,1;4,4,1;4,8,1;2,10,1|95,86,89,83,92,88,79
1270|2,10,1;1,10,1;1,1,1;10,10,1;8,6,1;8,7,1;9,7,1;9,6,1;4,1,1|82,99,76,71,81,87,89,85
1271|4,1,1;5,2,1;9,2,1;9,5,1;4,10,1;6,4,1;7,3,1;8,3,1;8,4,1|89,77,82,78,80,97,95,80
1272|8,4,1;4,6,1;4,7,1;7,10,1;3,10,1;4,9,1;5,9,1;10,4,1;10,1,1|87,97,76,94,99,79,77,78
1273|10,1,1;1,4,1;6,4,1;3,1,1;7,3,1;6,2,1;5,2,1;6,3,1;7,2,1|83,95,84,93,90,71,82,86
1274|1,10,1;4,1,1;1,1,1;7,10,1;10,10,1;8,6,1;9,7,1;8,7,1|89,73,95,79,91,98,93
1275|8,7,1;8,10,1;5,1,1;1,1,1;5,5,1;5,2,1;1,6,1;1,2,1|83,83,98,96,85,95,76
1276|1,2,1;2,1,1;1,1,1;10,7,1;10,10,1;4,5,1;8,9,1;5,9,1;6,8,1|87,74,91,97,72,84,75,88
1277|6,8,1;10,8,1;5,1,1;5,2,1;10,7,1;8,3,1;9,3,1;7,1,1;6,1,1|77,70,93,94,76,90,74,73
1278|6,1,1;1,6,1;5,10,1;10,10,1;7,1,1;10,4,1;10,1,1;6,9,1;6,7,1|87,77,93,74,71,96,87,97
1279|6,7,1;10,7,1;10,10,1;1,7,1;10,1,1;5,7,1;4,8,1;9,8,1;8,9,1|87,73,99,85,93,74,80,79
1280|10,1,1;1,4,1;1,1,1;3,1,1;2,2,1;3,2,1;3,5,1;2,4,1;2,3,1|99,92,95,84,77,78,92,77
1281|2,3,1;1,3,1;1,1,1;2,2,1;6,2,1;5,3,1;4,3,1;1,6,1;5,10,1|77,75,96,75,88,97,81,73
1282|5,10,1;1,10,1;7,1,1;7,5,1;4,2,1;4,3,1;5,2,1;6,3,1|89,89,83,92,86,96,96
1283|6,3,1;10,7,1;7,10,1;3,8,1;1,6,1;1,1,1;6,6,1;8,6,1;3,1,1|87,75,71,90,84,81,89,71
1284|3,1,1;3,2,1;4,1,1;5,6,1;4,6,1;5,5,1;6,6,1;7,6,1;10,3,1|98,85,85,75,89,91,98,73
1285|10,3,1;8,1,1;8,10,1;10,8,1;9,7,1;10,6,1;10,4,1;9,5,1|96,97,77,84,79,88,90
1286|9,5,1;7,1,1;10,4,1;6,6,1;1,6,1;1,1,1;6,1,1;9,4,1;5,4,1|76,90,97,84,70,93,72,78
1287|5,4,1;8,1,1;10,7,1;9,6,1;10,6,1;9,5,1;10,4,1;10,1,1;9,2,1|81,93,73,72,93,99,85,80
1288|9,2,1;10,3,1;10,1,1;1,1,1;1,10,1;10,10,1;8,6,1;7,6,1;6,5,1|96,97,98,79,89,76,80,82
1289|6,5,1;10,9,1;10,10,1;8,6,1;10,8,1;10,5,1;9,6,1;8,5,1;7,5,1|88,82,79,79,86,84,85,82
1290|7,5,1;7,10,1;10,10,1;7,1,1;10,1,1;10,3,1;9,2,1;4,1,1;4,6,1|71,82,74,88,94,71,81,77
1291|7,2,1;7,1,1;10,1,1;6,3,1;5,4,1;6,4,1;10,8,1;4,10,1;10,9,1|88,75,81,86,77,92,94,71
1292|10,9,1;10,10,1;4,1,1;1,1,1;3,3,1;1,9,1;2,10,1;4,6,1;4,5,1|86,70,80,85,98,79,77,96
1293|4,5,1;1,2,1;2,1,1;2,2,1;1,3,1;10,6,1;10,10,1;9,9,1;8,9,1|77,93,82,75,97,95,84,83
1294|8,9,1;9,10,1;10,9,1;10,10,1;10,1,1;8,3,1;9,3,1;7,1,1;7,3,1|97,90,76,72,84,77,82,97
1295|7,3,1;10,6,1;6,10,1;10,10,1;10,7,1;8,3,1;8,2,1;10,4,1;10,2,1|95,91,95,72,97,73,89,76
1296|10,2,1;9,1,1;1,7,1;1,10,1;3,8,1;10,9,1;9,10,1;8,9,1;3,9,1|79,71,80,82,80,73,84,84
1297|3,9,1;4,10,1;10,1,1;1,7,1;9,3,1;9,4,1;10,5,1;10,10,1|98,98,72,77,97,98,70
1298|10,10,1;1,4,1;5,4,1;8,1,1;1,1,1;1,3,1;5,3,1;4,2,1;2,2,1|74,70,75,71,96,81,81,73
1299|10,10,1;1,7,1;3,5,1;1,3,1;1,6,1;3,8,1;3,6,1;2,5,1;6,1,1|82,73,90,94,74,80,72,79
1300|6,1,1;10,1,1;9,7,1;6,10,1;6,8,1;4,10,1;4,8,1;1,5,1|99,95,80,94,95,72,95
1301|1,5,1;5,1,1;10,6,1;10,10,1;3,4,1;6,1,1;10,1,1;4,5,1;7,2,1|70,87,81,74,81,72,93,76
1302|7,2,1;1,1,1;10,4,1;4,5,1;2,3,1;1,4,1;1,3,1;3,5,1;3,10,1|82,77,74,73,97,89,75,89
1303|3,10,1;6,1,1;1,1,1;2,8,1;2,10,1;1,10,1;1,8,1;2,7,1;2,2,1|75,78,75,71,82,77,93,98
1304|2,2,1;2,10,1;10,10,1;7,1,1;9,9,1;9,4,1;8,5,1;8,7,1;6,9,1|71,98,73,83,72,75,90,76
1305|6,9,1;10,9,1;10,1,1;1,10,1;3,6,1;8,1,1;9,1,1;6,10,1;10,10,1|85,90,88,93,75,73,75,93
1306|1,1,1;1,2,1;5,2,1;10,7,1;6,5,1;7,6,1;8,6,1;10,4,1;10,6,1|86,95,96,91,76,83,89,75
1307|5,1,1;1,1,1;10,10,1;6,8,1;6,9,1;10,5,1;10,1,1;6,1,1;6,5,1|75,81,97,77,90,89,94,83
1308|2,7,1;1,1,1;4,10,1;1,10,1;7,1,1;3,5,1;3,7,1;6,4,1;5,4,1|71,81,72,82,90,83,96,82
1309|5,4,1;1,8,1;5,10,1;4,9,1;3,10,1;4,10,1;3,9,1;2,10,1;2,9,1|74,72,72,89,81,84,77,92
1310|2,9,1;1,10,1;5,6,1;6,6,1;2,10,1;6,10,1;5,9,1;4,9,1;2,7,1|97,70,81,87,77,75,80,86
1311|2,7,1;1,8,1;7,10,1;10,7,1;1,1,1;10,1,1;8,3,1;10,5,1;10,2,1|71,99,83,81,73,71,86,89
1312|10,9,1;10,10,1;1,7,1;3,3,1;1,3,1;1,6,1;4,9,1;6,3,1;6,6,1|73,87,92,72,82,82,97,76
1313|6,6,1;10,2,1;5,7,1;5,10,1;10,5,1;10,3,1;6,7,1;6,8,1;9,5,1|97,73,71,72,72,78,80,98
1314|9,5,1;9,1,1;10,2,1;4,1,1;8,1,1;8,5,1;3,10,1;1,8,1;1,10,1|80,87,79,99,99,70,77,87
1315|1,10,1;10,1,1;4,6,1;8,10,1;10,2,1;9,9,1;10,9,1;9,8,1;9,4,1|75,76,74,82,89,97,70,71
1316|9,4,1;10,10,1;7,1,1;4,10,1;1,10,1;7,2,1;3,2,1;1,4,1;3,4,1|80,97,95,72,86,88,79,76
1317|2,10,1;1,4,1;7,6,1;6,5,1;5,6,1;5,5,1;3,5,1;1,7,1;1,5,1|77,89,70,83,71,75,84,88
1318|1,5,1;7,10,1;3,6,1;3,10,1;1,10,1;2,9,1;2,6,1;1,6,1;1,9,1|97,90,74,75,94,98,95,70
1319|1,9,1;1,10,1;7,1,1;10,4,1;1,1,1;6,1,1;6,4,1;9,7,1;9,8,1|76,79,91,81,89,71,75,73
1320|9,8,1;5,6,1;4,5,1;4,6,1;9,1,1;10,1,1;7,4,1;10,4,1;1,7,1|91,78,76,73,86,77,93,89
1321|1,7,1;10,1,1;7,10,1;7,5,1;10,5,1;10,2,1;8,4,1;7,3,1;7,2,1|93,87,90,74,91,72,75,73
1322|7,2,1;3,10,1;1,10,1;1,9,1;5,1,1;5,3,1;1,3,1;1,1,1;2,2,1|78,98,81,87,97,83,79,87
1323|2,2,1;1,3,1;9,1,1;10,1,1;1,7,1;4,10,1;8,4,1;10,2,1;10,3,1|75,82,89,70,94,89,76,81
1324|10,3,1;8,1,1;1,8,1;1,10,1;8,3,1;9,3,1;10,2,1;9,1,1|95,90,96,99,96,78,83
1325|9,1,1;3,10,1;1,8,1;2,8,1;4,4,1;4,1,1;6,5,1;7,5,1;8,6,1|99,94,92,80,73,93,76,81
1326|8,6,1;2,10,1;5,7,1;10,7,1;8,9,1;9,10,1;10,9,1;9,9,1;8,8,1|92,74,76,86,74,95,79,94
1327|8,8,1;8,10,1;1,10,1;7,1,1;10,4,1;9,10,1;9,6,1;6,9,1;5,8,1|96,90,73,79,89,86,83,96
1328|5,8,1;4,1,1;1,10,1;10,7,1;10,10,1;6,6,1;6,1,1;10,1,1;10,6,1|74,74,89,78,81,86,79,91
1329|10,6,1;5,1,1;1,5,1;1,1,1;2,2,1;2,3,1;10,9,1;6,1,1|92,99,86,73,89,97,89
1330|6,1,1;10,5,1;10,10,1;1,7,1;1,10,1;9,10,1;1,4,1;4,1,1;9,6,1|84,95,75,74,85,81,95,78
1331|9,6,1;9,1,1;10,1,1;1,7,1;1,10,1;5,8,1;10,8,1;10,10,1;8,10,1|98,77,76,91,70,81,73,97
1332|8,10,1;1,9,1;7,1,1;1,8,1;3,10,1;7,10,1;4,1,1;7,4,1;5,6,1|90,90,73,93,95,74,86,84
1333|2,2,1;3,1,1;6,10,1;10,10,1;7,1,1;6,2,1;5,1,1;5,2,1;9,6,1|87,89,71,90,81,88,70,98
1334|9,6,1;4,1,1;1,1,1;4,10,1;1,10,1;1,8,1;2,9,1;3,8,1;5,10,1|74,83,80,88,78,90,97,88
1335|3,8,1;10,7,1;10,10,1;8,6,1;3,1,1;1,1,1;3,9,1;6,6,1;2,2,1|73,91,79,79,70,99,94,95
1336|2,2,1;3,1,1;10,7,1;10,10,1;3,3,1;1,5,1;6,10,1;7,9,1;3,5,1|73,87,81,76,74,74,89,99
1337|3,5,1;1,7,1;4,10,1;4,8,1;1,8,1;1,10,1;2,9,1;3,10,1;3,9,1|99,87,72,78,72,86,98,73
1338|3,9,1;1,5,1;1,1,1;2,2,1;2,1,1;8,10,1;4,6,1;4,4,1;7,1,1|79,93,85,97,80,83,79,99
1339|7,1,1;7,10,1;3,2,1;9,1,1;10,2,1;5,3,1;4,3,1;8,9,1|92,93,93,94,73,79,96
1340|8,9,1;9,10,1;1,2,1;10,5,1;10,10,1;5,3,1;7,3,1;9,5,1;9,8,1|85,99,86,85,76,92,71,89
1341|9,8,1;3,10,1;1,10,1;2,9,1;1,8,1;1,9,1;10,3,1;8,1,1;1,2,1|70,92,96,84,93,72,88,97
1342|2,6,1;2,1,1;1,1,1;4,10,1;7,1,1;7,6,1;3,2,1;6,2,1;3,5,1|85,76,86,95,78,90,74,81
1343|3,5,1;3,1,1;1,1,1;2,2,1;1,2,1;2,3,1;1,4,1;10,10,1;1,7,1|78,96,83,85,89,93,85,71
1344|1,7,1;4,10,1;2,6,1;2,1,1;6,3,1;6,2,1;3,2,1;3,4,1;5,6,1|81,71,95,80,84,83,92,75
1345|5,6,1;1,10,1;4,1,1;10,10,1;4,6,1;1,3,1;3,1,1;8,7,1;9,8,1|77,88,83,82,76,81,84,77
1346|9,8,1;10,9,1;6,1,1;10,1,1;10,2,1;6,2,1;5,1,1;1,1,1;7,10,1|78,92,86,70,91,98,77,80
1347|10,4,1;10,5,1;6,1,1;1,6,1;7,3,1;5,5,1;6,5,1;5,4,1;4,5,1|91,79,89,97,89,88,80,78
1348|4,5,1;1,2,1;10,5,1;5,5,1;1,9,1;1,10,1;2,4,1;1,5,1;1,8,1|76,70,74,90,84,81,71,83
1349|1,8,1;1,10,1;10,7,1;10,10,1;1,7,1;6,7,1;6,9,1;5,8,1;2,8,1|88,99,93,84,74,81,91,72
1350|2,8,1;1,7,1;1,10,1;7,1,1;10,4,1;8,4,1;10,6,1;6,6,1;2,10,1|79,83,75,93,73,72,83,77
1351|10,9,1;2,1,1;1,1,1;9,7,1;6,4,1;5,4,1;1,8,1;3,10,1;3,7,1|74,96,70,88,81,70,70,91
1352|3,7,1;1,7,1;1,10,1;10,4,1;8,8,1;10,8,1;9,7,1;10,6,1|81,97,99,84,92,90,82
1353|10,6,1;4,10,1;7,7,1;5,7,1;5,8,1;7,10,1;7,8,1;8,7,1;8,10,1|83,76,81,70,78,79,99,95
1354|8,10,1;5,1,1;1,5,1;1,1,1;4,1,1;6,7,1;9,10,1;10,9,1|91,92,86,98,98,98,81
1355|10,1,1;1,7,1;10,4,1;1,10,1;1,8,1;9,8,1;9,9,1;2,9,1|85,78,86,97,81,87,98
1356|2,9,1;3,10,1;8,9,1;3,9,1;3,5,1;6,8,1;8,6,1;6,6,1;5,5,1|70,75,94,70,76,78,91,74
1357|5,5,1;9,1,1;10,2,1;10,1,1;1,4,1;1,1,1;7,2,1;4,5,1|91,97,79,97,77,92,92
1358|4,5,1;1,2,1;1,10,1;10,7,1;5,7,1;2,4,1;2,8,1;4,10,1;6,8,1|84,98,75,91,86,82,83,78
1359|1,9,1;10,6,1;10,1,1;7,10,1;10,7,1;5,7,1;2,10,1;4,6,1;4,4,1|90,98,83,77,78,72,96,82
1360|4,4,1;1,7,1;3,3,1;10,4,1;5,5,1;1,9,1;2,10,1;5,7,1;6,7,1|87,83,83,83,85,88,71,72
1361|6,7,1;10,7,1;1,4,1;6,5,1;6,4,1;2,8,1;4,10,1;10,8,1;10,6,1|77,82,79,89,97,82,78,75
1362|10,6,1;5,1,1;1,5,1;6,10,1;9,7,1;9,6,1;1,4,1;4,1,1|99,88,97,83,75,92,92
1363|7,2,1;3,4,1;6,1,1;10,1,1;7,4,1;7,3,1;8,2,1;9,3,1;1,9,1|88,88,99,74,89,85,90,81
1364|1,9,1;1,10,1;10,10,1;7,1,1;10,4,1;10,9,1;2,1,1;4,5,1;3,5,1|73,76,85,76,76,84,75,88
1365|3,5,1;1,3,1;3,1,1;3,4,1;6,1,1;4,1,1;4,2,1;10,10,1|90,89,80,99,70,97,94
1366|10,10,1;1,7,1;1,10,1;3,10,1;3,6,1;2,7,1;1,6,1;1,1,1;3,3,1|83,72,70,98,83,75,71,71
1367|1,8,1;10,5,1;10,1,1;4,4,1;6,2,1;9,2,1;6,5,1;9,5,1;4,10,1|71,76,81,97,86,77,76,89
1368|4,10,1;8,6,1;7,6,1;7,1,1;9,3,1;8,3,1;8,5,1;10,3,1;8,1,1|78,84,73,79,71,95,82,71
1369|8,1,1;10,3,1;1,9,1;5,9,1;5,10,1;10,10,1;7,7,1;5,3,1;5,4,1|97,78,75,98,79,74,71,89
1370|5,4,1;10,4,1;10,1,1;6,3,1;7,2,1;8,3,1;9,2,1;8,2,1;9,3,1|98,84,95,77,83,83,85,77
1371|9,3,1;7,1,1;10,1,1;7,10,1;1,1,1;10,10,1;10,8,1;7,2,1;7,4,1|93,99,84,71,71,88,81,78
1372|10,10,1;1,7,1;9,9,1;4,9,1;4,5,1;7,8,1;10,5,1;8,5,1;10,3,1|96,83,89,80,75,72,72,88
1373|10,3,1;3,10,1;1,10,1;10,1,1;4,6,1;8,10,1;4,10,1;5,9,1;6,9,1|90,82,91,74,70,70,78,87
1374|6,9,1;4,1,1;1,1,1;5,5,1;1,9,1;1,10,1;10,10,1;10,1,1|95,94,95,91,88,88,86
1375|9,1,1;10,2,1;10,1,1;7,10,1;7,5,1;10,5,1;9,4,1;8,4,1;5,1,1|82,78,81,81,70,82,73,92
1376|5,1,1;10,6,1;10,10,1;4,1,1;9,6,1;7,6,1;9,8,1;7,10,1;3,4,1|91,98,73,86,89,78,87,91
1377|3,4,1;1,6,1;1,10,1;10,1,1;4,6,1;8,2,1;10,4,1;2,8,1;3,7,1|83,71,85,75,99,87,71,80
1378|6,7,1;10,7,1;7,10,1;1,1,1;10,4,1;10,1,1;5,6,1;4,6,1;2,4,1|75,79,89,97,78,83,78,91
1379|2,4,1;1,4,1;10,7,1;10,10,1;7,1,1;1,3,1;4,3,1;5,2,1;9,6,1|73,84,76,73,87,85,90,73
1380|9,6,1;9,10,1;1,4,1;1,1,1;10,1,1;6,5,1;6,2,1;2,2,1;2,3,1|88,89,72,85,99,90,84,85
1381|2,3,1;4,1,1;1,7,1;4,10,1;1,10,1;3,8,1;5,10,1;10,5,1|76,96,97,72,99,96,95
1382|10,5,1;10,10,1;1,7,1;10,4,1;10,1,1;8,3,1;9,4,1;9,9,1;8,8,1|82,75,91,77,91,77,90,72
1383|10,1,1;4,10,1;1,4,1;3,6,1;4,6,1;4,5,1;3,5,1;1,7,1;1,10,1|86,79,89,99,94,86,77,70
1384|1,10,1;10,10,1;7,1,1;10,1,1;10,3,1;9,2,1;8,3,1;6,1,1;6,3,1|78,89,94,84,77,96,96,85
1385|6,3,1;6,1,1;10,5,1;10,1,1;9,2,1;8,2,1;1,7,1;2,7,1;1,6,1|97,93,91,70,95,85,85,80
1386|10,1,1;1,1,1;6,2,1;1,8,1;1,10,1;10,10,1;7,7,1;10,4,1;10,2,1|86,93,72,86,87,82,84,78
1387|10,2,1;1,2,1;1,1,1;10,1,1;5,6,1;5,2,1;8,2,1;6,4,1;6,3,1|87,80,81,83,79,81,98,77
1388|6,3,1;8,1,1;10,1,1;4,10,1;8,4,1;5,1,1;5,5,1;6,4,1;7,5,1|77,96,96,83,84,81,96,85
1389|10,10,1;7,1,1;3,3,1;1,5,1;4,5,1;8,1,1;6,5,1;7,5,1;7,3,1|86,78,78,72,85,84,93,73
1390|7,3,1;9,1,1;10,2,1;8,10,1;1,5,1;2,5,1;2,10,1;1,10,1;1,6,1|87,75,74,77,76,94,92,78
1391|2,3,1;1,3,1;1,1,1;10,4,1;8,2,1;9,1,1;10,2,1;10,1,1;8,3,1|85,83,89,99,76,97,72,98
1392|8,3,1;6,1,1;1,6,1;1,1,1;10,10,1;8,6,1;3,1,1;5,1,1;8,4,1|94,72,79,83,74,97,93,92
1393|9,3,1;10,2,1;10,1,1;1,4,1;10,4,1;10,3,1;9,2,1;4,2,1;3,1,1|73,72,73,89,93,89,87,74
1394|3,1,1;10,2,1;10,1,1;4,10,1;1,10,1;2,3,1;1,2,1;1,3,1;2,4,1|75,84,96,77,81,87,81,79
1395|2,4,1;1,9,1;3,1,1;10,6,1;10,10,1;3,3,1;3,2,1;8,9,1;9,10,1|77,98,89,71,76,90,85,95
1396|9,10,1;10,9,1;10,10,1;1,4,1;10,7,1;10,8,1;3,3,1;3,1,1|74,94,74,89,92,98,95
1397|3,1,1;1,3,1;1,10,1;10,7,1;10,10,1;4,8,1;10,1,1;8,3,1;10,5,1|75,75,98,98,80,79,88,80
1398|10,5,1;9,10,1;10,10,1;10,6,1;6,6,1;9,9,1;8,10,1;4,8,1|96,87,92,99,78,71,99
1399|4,8,1;1,8,1;1,10,1;10,1,1;1,1,1;6,2,1;2,2,1;3,3,1;3,4,1|72,85,96,80,94,79,75,77
1400|10,10,1;1,7,1;4,10,1;4,5,1;9,10,1;5,10,1;6,9,1;7,9,1;5,7,1|94,79,79,71,71,97,91,93
1401|5,7,1;10,2,1;9,1,1;3,10,1;3,1,1;1,3,1;2,3,1;1,8,1;1,4,1|95,78,81,91,75,87,86,73
1402|1,4,1;1,1,1;10,7,1;7,10,1;10,10,1;8,8,1;6,10,1;1,5,1;1,10,1|70,98,73,96,94,79,82,71
1403|1,10,1;1,1,1;10,4,1;1,7,1;1,5,1;5,5,1;3,7,1;3,6,1;2,6,1|70,81,94,82,80,71,79,70
1404|2,6,1;1,6,1;5,10,1;10,9,1;10,10,1;6,6,1;10,2,1;1,5,1;1,1,1|95,88,86,76,71,70,82,98
1405|2,6,1;2,10,1;1,9,1;1,1,1;10,1,1;7,10,1;2,5,1;6,7,1|96,94,87,97,73,81,94
1406|6,7,1;9,10,1;10,9,1;10,10,1;4,1,1;5,1,1;9,5,1;8,6,1;7,6,1|80,90,94,83,77,94,73,97
1407|7,6,1;7,10,1;4,1,1;4,9,1;2,9,1;3,8,1;2,8,1;10,4,1;8,4,1|81,76,94,79,75,95,82,96
1408|8,4,1;10,6,1;10,10,1;1,4,1;9,10,1;4,5,1;8,1,1;8,3,1|92,81,77,83,85,92,95
1409|8,3,1;10,1,1;1,1,1;10,10,1;4,5,1;1,8,1;3,8,1;3,10,1;2,9,1|88,94,70,77,84,99,96,85
1410|2,9,1;8,1,1;1,7,1;1,10,1;10,10,1;5,9,1;1,5,1;3,5,1;7,1,1|91,83,71,79,77,94,87,97
1411|7,1,1;6,1,1;2,5,1;2,6,1;6,2,1;6,6,1;3,6,1;5,4,1;5,5,1|75,74,97,71,78,90,88,81
1412|5,5,1;5,1,1;10,6,1;10,1,1;1,7,1;4,10,1;4,8,1;7,5,1;10,8,1|95,73,87,89,96,70,71,71
1413|10,8,1;10,10,1;1,4,1;10,7,1;8,3,1;7,3,1;7,2,1;8,2,1|95,90,76,84,88,86,95
1414|8,2,1;10,4,1;1,7,1;1,10,1;3,10,1;2,9,1;2,7,1;3,8,1;3,9,1|99,72,71,75,90,74,76,99
1415|3,9,1;2,10,1;1,9,1;1,10,1;4,1,1;1,1,1;3,7,1;10,2,1;10,1,1|90,73,93,88,71,92,79,95
1416|1,10,1;1,1,1;3,3,1;5,1,1;10,1,1;8,3,1;3,9,1;3,10,1;2,10,1|79,94,93,96,85,82,87,78
1417|2,10,1;1,10,1;10,7,1;5,7,1;3,9,1;4,10,1;6,8,1;8,8,1;6,10,1|91,75,96,73,77,86,80,78
1418|6,10,1;1,10,1;4,1,1;1,1,1;7,5,1;10,5,1;10,10,1;7,10,1|82,95,92,92,85,93,77
1419|7,10,1;7,9,1;10,6,1;10,1,1;1,1,1;6,6,1;3,9,1;1,7,1;1,2,1|94,75,89,90,77,81,85,90
1420|1,2,1;2,1,1;5,10,1;10,10,1;8,8,1;7,9,1;6,8,1;1,8,1;3,10,1|73,98,89,92,84,96,85,77
1421|3,10,1;3,9,1;2,10,1;5,1,1;5,3,1;4,3,1;2,1,1;1,2,1;2,3,1|71,90,72,84,79,90,98,89
1422|2,3,1;1,3,1;7,1,1;4,4,1;4,5,1;6,3,1;6,7,1;3,10,1|75,83,82,82,94,98,99
1423|3,10,1;6,1,1;10,1,1;7,7,1;4,10,1;6,8,1;6,10,1;8,8,1;8,10,1|91,78,73,72,72,98,73,94
1424|8,10,1;10,8,1;4,10,1;1,10,1;2,9,1;2,5,1;3,6,1;4,5,1;4,6,1|86,84,99,96,74,91,83,72
1425|4,6,1;8,10,1;10,10,1;7,7,1;9,7,1;9,6,1;4,1,1;4,5,1;5,4,1|96,85,98,71,85,83,76,71
1426|5,4,1;10,9,1;10,1,1;1,1,1;4,10,1;4,5,1;1,2,1;3,10,1;1,10,1|90,88,75,90,98,75,76,70
1427|1,10,1;10,7,1;2,5,1;7,5,1;7,6,1;8,6,1;10,4,1;10,1,1;1,1,1|75,94,72,81,99,94,88,90
1428|1,1,1;10,7,1;5,6,1;2,6,1;7,1,1;7,3,1;9,1,1;8,1,1|85,86,99,98,90,95,70
1429|10,1,1;4,10,1;1,7,1;3,3,1;4,3,1;1,6,1;1,2,1;2,3,1;2,4,1|70,80,73,75,94,89,87,78
1430|2,4,1;5,1,1;10,6,1;6,10,1;1,10,1;4,1,1;1,4,1;1,9,1;6,4,1|91,84,96,84,75,74,78,98
1431|6,4,1;9,1,1;7,5,1;8,5,1;3,10,1;6,1,1;8,1,1;4,5,1;4,4,1|75,97,95,94,84,83,75,84
1432|4,4,1;1,7,1;3,3,1;10,4,1;5,4,1;10,9,1;10,10,1;4,5,1;5,5,1|99,96,94,70,72,73,84,82
1433|5,5,1;1,9,1;1,1,1;4,4,1;2,6,1;2,7,1;5,10,1;1,10,1;2,9,1|89,87,72,82,72,81,95,95
1434|2,9,1;2,10,1;1,9,1;10,6,1;10,10,1;6,8,1;5,7,1;3,9,1;4,9,1|79,75,75,87,93,74,74,93
1435|4,9,1;2,1,1;1,8,1;3,10,1;1,10,1;1,9,1;3,7,1;3,9,1;4,10,1|81,87,73,71,85,86,71,80
1436|4,10,1;1,10,1;10,4,1;5,9,1;3,9,1;7,5,1;8,5,1;10,7,1;8,7,1|85,78,73,85,83,87,71,76
1437|8,7,1;2,10,1;1,9,1;7,1,1;10,1,1;7,10,1;3,10,1;5,8,1|82,79,90,88,95,96,99
1438|1,9,1;8,10,1;10,10,1;7,1,1;10,1,1;9,7,1;8,8,1;3,1,1;6,1,1|80,93,72,98,79,86,78,86
1439|9,9,1;1,7,1;1,10,1;8,5,1;8,10,1;6,8,1;6,10,1;5,9,1;4,9,1|77,97,97,85,73,71,87,86
1440|2,1,1;1,2,1;9,10,1;10,9,1;8,1,1;3,1,1;3,5,1;2,6,1;2,2,1|91,77,92,73,73,81,75,92
1441|2,2,1;3,1,1;1,7,1;2,6,1;1,5,1;2,5,1;1,4,1;1,1,1;2,1,1|91,89,79,88,92,93,79,88
1442|2,1,1;1,7,1;6,2,1;10,6,1;10,10,1;5,5,1;5,10,1;3,8,1;1,8,1|96,89,70,83,71,73,89,98
1443|2,5,1;7,10,1;10,10,1;1,4,1;4,1,1;4,3,1;3,3,1;1,1,1;1,3,1|93,77,82,72,78,76,79,96
1444|1,3,1;7,10,1;10,10,1;10,1,1;8,3,1;10,7,1;8,5,1;8,7,1;9,7,1|90,77,87,72,80,90,95,85
1445|2,9,1;2,10,1;10,8,1;5,9,1;3,9,1;1,7,1;10,4,1;4,6,1;5,5,1|97,70,80,88,92,81,90,95
1446|5,5,1;1,9,1;3,1,1;3,6,1;2,6,1;2,7,1;5,10,1;1,10,1;2,9,1|70,92,85,94,88,79,87,93
1447|10,10,1;7,1,1;10,1,1;1,4,1;3,8,1;2,8,1;4,10,1;4,8,1;2,6,1|79,71,95,79,82,95,77,72
1448|2,6,1;2,10,1;1,10,1;10,4,1;5,5,1;2,5,1;7,10,1;3,10,1;4,9,1|82,96,76,79,85,94,90,86
1449|4,9,1;2,1,1;8,6,1;6,8,1;1,3,1;3,3,1;6,6,1;6,7,1;5,8,1|77,73,74,71,98,86,71,75
1450|5,8,1;5,10,1;10,10,1;1,4,1;4,7,1;6,7,1;6,9,1;8,9,1;10,7,1|98,93,72,77,95,95,76,76
1451|10,7,1;1,4,1;4,1,1;9,1,1;1,7,1;1,10,1;7,5,1;9,3,1;8,10,1|80,81,80,74,86,93,97,89
1452|8,10,1;10,4,1;10,1,1;9,2,1;9,3,1;8,2,1;5,2,1;6,3,1|91,99,91,85,72,88,94
1453|6,3,1;4,1,1;1,4,1;1,1,1;3,3,1;3,5,1;2,4,1;1,5,1;6,10,1|89,91,70,84,97,81,73,76
1454|6,10,1;10,10,1;1,7,1;1,10,1;5,10,1;5,6,1;1,2,1;8,1,1;6,9,1|88,98,92,74,80,91,73,81
1455|6,9,1;10,9,1;10,10,1;1,7,1;5,9,1;4,9,1;4,5,1;6,3,1;6,7,1|90,88,88,90,84,74,81,81
1456|6,7,1;6,10,1;10,6,1;10,1,1;1,7,1;4,10,1;5,9,1;5,10,1;3,8,1|96,92,94,75,83,82,78,79
1457|3,8,1;3,10,1;1,8,1;10,5,1;5,5,1;5,10,1;9,6,1;9,10,1;8,9,1|71,86,80,88,76,82,89,88
1458|8,9,1;8,10,1;5,1,1;10,1,1;8,5,1;8,8,1;10,8,1;9,9,1;10,10,1|88,79,78,94,86,75,79,86
1459|10,10,1;10,1,1;8,3,1;2,1,1;1,1,1;6,7,1;3,10,1;10,9,1;6,5,1|97,94,88,79,77,94,92,70
1460|6,5,1;6,1,1;1,6,1;5,10,1;1,10,1;2,9,1;1,8,1;1,9,1;5,5,1|79,89,71,86,81,89,91,92
1461|5,5,1;1,5,1;1,10,1;10,10,1;6,6,1;6,9,1;2,9,1;2,6,1;4,8,1|95,77,72,84,77,89,75,88
1462|4,8,1;5,7,1;1,3,1;1,10,1;6,9,1;2,9,1;6,1,1;2,5,1;2,8,1|79,85,78,96,78,83,73,82
1463|2,8,1;10,10,1;7,1,1;10,1,1;10,3,1;6,7,1;9,7,1;9,8,1;7,10,1|96,93,80,76,98,76,83,75
1464|7,10,1;4,1,1;4,6,1;9,1,1;5,1,1;6,2,1;7,2,1;10,5,1;7,5,1|89,72,84,83,91,74,75,94
1465|7,5,1;10,5,1;10,1,1;7,4,1;3,2,1;2,1,1;1,1,1;5,7,1;5,10,1|94,75,81,82,79,97,88,81
1466|5,10,1;1,10,1;1,1,1;10,1,1;2,9,1;3,2,1;2,2,1;8,10,1;10,8,1|97,94,74,70,92,71,83,97
1467|10,8,1;5,1,1;10,6,1;10,1,1;6,1,1;1,6,1;9,4,1;9,2,1;7,2,1|86,91,72,81,76,93,88,85
1468|10,1,1;10,10,1;9,4,1;6,1,1;9,1,1;9,3,1;8,2,1;7,3,1|97,71,97,82,92,99,88
1469|7,3,1;10,3,1;8,1,1;8,2,1;8,10,1;10,8,1;10,4,1;5,4,1;1,8,1|75,93,91,81,89,70,86,88
1470|2,10,1;1,9,1;10,9,1;10,1,1;1,1,1;2,2,1;2,6,1;3,5,1;3,6,1;7,2,1|81,80,71,70,77,74,81,88,72
1471|7,2,1;9,10,1;10,10,1;8,6,1;9,6,1;8,7,1;8,8,1;9,7,1;9,9,1|73,95,73,77,75,96,77,88
1472|9,9,1;9,10,1;10,10,1;7,1,1;7,10,1;6,10,1;2,6,1;6,2,1;5,1,1|83,79,85,70,72,79,81,98
1473|5,1,1;10,2,1;10,1,1;6,1,1;10,5,1;10,3,1;9,2,1;8,2,1;6,4,1|74,75,99,93,82,87,83,70
1474|6,4,1;6,1,1;1,6,1;1,1,1;5,1,1;2,4,1;4,8,1;1,8,1;1,10,1|93,80,88,84,99,80,83,80
1475|1,10,1;1,1,1;10,1,1;5,6,1;2,3,1;3,2,1;2,2,1;6,8,1;8,10,1|76,84,96,94,87,85,80,84
1476|8,10,1;10,10,1;10,1,1;7,10,1;7,5,1;2,10,1;1,10,1;4,1,1;9,1,1|78,97,94,91,80,76,82,84
1477|9,1,1;10,2,1;10,10,1;9,5,1;9,9,1;8,8,1;8,9,1;1,4,1|95,73,76,90,90,93,90
1478|1,4,1;4,1,1;4,10,1;6,8,1;5,8,1;7,10,1;7,8,1;10,8,1;8,10,1|79,93,95,82,77,81,73,84
1479|8,10,1;10,8,1;1,5,1;6,5,1;6,10,1;2,6,1;2,10,1;1,10,1;1,6,1|90,72,75,79,85,94,99,83
1480|1,6,1;6,1,1;1,1,1;1,5,1;6,10,1;4,2,1;2,4,1;2,2,1;3,2,1|99,73,80,75,90,86,88,73
1481|3,2,1;1,2,1;5,4,1;6,5,1;6,4,1;1,9,1;5,7,1;5,8,1;1,4,1|90,83,73,76,89,87,70,85
1482|1,4,1;4,1,1;7,10,1;10,10,1;10,8,1;9,9,1;1,5,1;1,10,1;6,5,1|90,99,86,85,85,83,75,91
1483|6,5,1;10,5,1;6,1,1;1,1,1;1,10,1;7,6,1;10,6,1;8,8,1;8,10,1|81,98,76,78,89,97,90,84
1484|8,10,1;10,8,1;10,7,1;7,10,1;7,6,1;8,7,1;9,6,1;9,3,1;6,3,1|88,76,94,78,78,77,98,98
1485|6,3,1;8,1,1;10,9,1;9,10,1;10,10,1;8,8,1;8,10,1;6,8,1;4,10,1|96,72,78,84,74,98,71,84
1486|4,10,1;6,6,1;1,6,1;1,1,1;9,3,1;10,3,1;10,1,1;8,3,1|81,97,84,81,90,97,87
1487|8,10,1;10,8,1;1,5,1;1,10,1;7,9,1;2,9,1;6,1,1;6,4,1;9,7,1|94,79,80,89,87,70,79,97
1488|9,7,1;10,6,1;10,1,1;7,10,1;10,10,1;6,2,1;9,2,1;9,5,1;8,6,1|91,97,71,70,81,81,84,95
1489|8,6,1;8,1,1;10,9,1;10,10,1;6,2,1;4,2,1;1,5,1;1,10,1;3,8,1|70,72,73,82,98,98,81,71
1490|3,8,1;1,6,1;6,1,1;1,1,1;1,5,1;6,10,1;1,10,1;1,7,1;3,9,1|73,74,86,90,72,97,86,88
1491|2,10,1;1,9,1;10,3,1;10,1,1;1,4,1;1,8,1;4,2,1;4,4,1;6,6,1|70,70,82,92,90,88,86,73
1492|10,1,1;9,2,1;5,2,1;6,3,1;5,4,1;5,3,1;10,8,1;6,6,1;5,5,1|79,78,79,99,90,84,85,79
1493|5,5,1;10,10,1;8,6,1;9,7,1;9,8,1;1,4,1;1,1,1;4,4,1;2,4,1|98,72,90,71,93,71,97,86
1494|2,4,1;5,1,1;3,5,1;4,4,1;3,4,1;1,2,1;1,10,1;4,7,1|85,94,79,91,81,94,85
1495|4,7,1;7,10,1;10,10,1;7,1,1;5,7,1;2,10,1;2,1,1;1,2,1|94,80,83,92,98,95,75
1496|1,2,1;7,1,1;10,4,1;10,1,1;8,1,1;9,2,1;3,3,1;1,3,1|93,95,97,85,74,88,75
1497|10,10,1;7,1,1;3,3,1;4,2,1;3,2,1;1,4,1;10,7,1;5,2,1;3,4,1|70,77,85,74,81,95,88,81
1498|3,4,1;6,1,1;10,5,1;10,1,1;7,1,1;9,3,1;1,7,1;5,1,1;7,3,1|73,83,75,78,73,84,92,77
1499|7,3,1;10,6,1;10,1,1;1,4,1;3,8,1;1,6,1;2,6,1;1,7,1;1,9,1|97,74,97,86,71,77,76,98
1500|1,10,1;10,7,1;7,10,1;5,8,1;3,10,1;2,10,1;1,9,1;5,1,1;1,5,1|87,96,78,76,83,88,92,97
1501|1,5,1;1,1,1;10,10,1;5,4,1;9,8,1;9,5,1;8,6,1;7,5,1;8,5,1|87,71,77,99,99,84,82,76
1502|8,5,1;3,10,1;10,10,1;1,7,1;3,3,1;3,4,1;6,1,1;10,1,1;10,3,1|89,87,92,80,83,75,91,92
1503|6,2,1;7,1,1;1,10,1;10,10,1;2,6,1;2,2,1;3,3,1;3,4,1;5,2,1|81,96,95,97,78,89,75,87
1504|2,9,1;1,3,1;3,1,1;3,5,1;1,7,1;2,8,1;1,9,1;1,8,1;2,7,1|73,98,86,81,91,78,97,71
1505|2,7,1;1,7,1;10,4,1;6,8,1;1,8,1;1,10,1;2,9,1;3,10,1;2,10,1|98,73,89,75,85,93,71,82
1506|2,10,1;10,6,1;10,10,1;9,10,1;9,6,1;10,5,1;10,1,1;7,4,1;7,2,1|88,85,74,86,72,85,80,78
1507|7,2,1;6,1,1;10,1,1;5,1,1;5,5,1;10,10,1;1,10,1;3,8,1;3,9,1|75,70,87,90,83,75,73,84
1508|3,9,1;2,10,1;8,1,1;10,3,1;9,3,1;9,10,1;4,5,1;3,5,1;8,10,1|90,78,81,86,99,83,86,79
1509|8,10,1;10,2,1;10,1,1;1,1,1;1,10,1;2,4,1;2,8,1;5,5,1;7,7,1|81,83,74,86,92,71,97,95
1510|7,7,1;10,4,1;6,8,1;1,3,1;1,1,1;4,4,1;4,5,1;8,9,1;9,8,1|97,83,80,79,83,85,76,91
1511|9,8,1;7,10,1;10,7,1;5,7,1;3,5,1;7,5,1;10,2,1;1,2,1;2,3,1|91,84,84,72,95,82,74,71
1512|3,1,1;4,1,1;7,10,1;6,5,1;8,7,1;6,9,1;6,6,1;10,10,1;10,8,1|70,95,96,72,96,97,71,80
1513|10,8,1;1,5,1;5,1,1;10,1,1;9,2,1;9,6,1;6,6,1;4,4,1;6,4,1|75,86,99,97,93,75,96,72
1514|6,4,1;6,1,1;10,5,1;1,5,1;1,10,1;5,6,1;9,10,1;10,9,1;7,6,1|85,87,83,98,70,86,79,83
1515|7,6,1;7,10,1;10,10,1;1,7,1;4,10,1;1,10,1;6,5,1;6,10,1;3,7,1|91,84,97,80,90,86,80,82
1516|3,7,1;3,10,1;1,6,1;2,7,1;1,8,1;2,8,1;2,10,1;1,9,1;1,10,1|96,73,89,77,72,91,76,85
1517|1,9,1;1,10,1;10,1,1;8,5,1;8,10,1;10,10,1;9,9,1;9,7,1;10,8,1|79,84,78,73,91,87,81,91
1518|10,8,1;8,10,1;10,2,1;9,1,1;9,2,1;8,1,1;5,10,1;1,10,1;2,9,1|77,88,81,80,94,81,94,85
1519|1,10,1;4,1,1;7,10,1;10,7,1;5,7,1;10,2,1;5,2,1;6,1,1|95,95,75,96,97,83,96
1520|5,8,1;10,8,1;10,10,1;9,9,1;2,10,1;1,3,1;3,1,1;5,5,1|88,88,93,99,84,97,84
1521|5,5,1;10,10,1;10,1,1;9,2,1;7,10,1;7,8,1;8,7,1;8,4,1;6,2,1|89,82,85,82,97,87,96,81
1522|6,2,1;1,8,1;3,10,1;4,9,1;5,10,1;10,10,1;7,7,1;9,7,1;7,9,1|72,86,76,74,84,70,89,95
1523|4,1,1;1,10,1;5,4,1;5,1,1;10,6,1;10,10,1;8,8,1;8,10,1;9,10,1|90,86,76,79,95,87,85,92
1524|9,10,1;7,6,1;10,6,1;10,1,1;1,1,1;1,10,1;4,7,1;5,7,1;7,5,1|90,81,79,88,86,81,93,74
1525|7,5,1;2,10,1;1,10,1;10,4,1;4,9,1;5,10,1;10,5,1;10,10,1;6,10,1|99,79,76,70,99,71,82,75
1526|6,10,1;9,1,1;1,1,1;5,7,1;2,10,1;1,9,1;2,8,1;2,9,1|97,97,77,92,91,92,89
1527|2,9,1;3,10,1;10,10,1;1,1,1;5,3,1;4,3,1;10,1,1;8,1,1;8,6,1|93,79,78,87,71,88,74,95
1528|8,6,1;10,8,1;8,10,1;1,10,1;4,1,1;1,1,1;5,1,1;4,2,1|84,86,91,98,97,84,73
1529|4,2,1;1,8,1;1,10,1;2,9,1;3,10,1;10,9,1;5,4,1;5,1,1;1,1,1|74,77,92,70,84,88,70,95
1530|1,1,1;10,1,1;7,10,1;1,2,1;9,2,1;8,3,1;8,8,1;7,9,1|98,70,94,98,75,82,95
1531|7,9,1;6,9,1;6,10,1;10,10,1;8,4,1;10,2,1;9,1,1;1,1,1;2,2,1|74,85,93,70,79,86,99,87
1532|2,2,1;3,1,1;1,5,1;1,10,1;10,7,1;10,10,1;10,1,1;8,3,1;8,1,1|94,79,72,95,97,79,83,72
1533|8,1,1;1,1,1;4,10,1;1,7,1;6,7,1;1,2,1;1,6,1;4,6,1;2,4,1|72,83,71,91,95,88,75,70
1534|2,2,1;2,1,1;1,1,1;7,10,1;10,10,1;8,8,1;8,9,1;10,7,1;8,7,1|94,89,76,75,71,96,99,96
1535|8,7,1;5,10,1;1,8,1;3,10,1;4,10,1;4,6,1;1,9,1;1,10,1;2,10,1|84,73,88,72,96,81,99,70
1536|2,10,1;10,10,1;7,1,1;5,3,1;5,1,1;1,1,1;3,3,1;1,9,1;1,10,1|89,98,75,94,75,78,99,78
1537|1,10,1;10,1,1;5,7,1;9,3,1;7,1,1;3,7,1;3,6,1;1,4,1;1,6,1|94,90,97,90,78,82,86,71
1538|1,6,1;5,10,1;10,5,1;10,1,1;7,7,1;7,5,1;9,5,1;10,6,1;6,10,1|97,71,83,84,96,80,73,98
1539|1,6,1;6,1,1;6,10,1;1,5,1;5,1,1;1,1,1;1,4,1;3,2,1;2,2,1|82,82,75,89,92,85,78,99
1540|2,2,1;3,1,1;1,1,1;10,1,1;4,5,1;1,8,1;7,10,1;2,9,1;6,9,1|82,79,99,75,99,75,84,94
1541|6,9,1;1,3,1;3,1,1;10,1,1;7,4,1;5,4,1;2,7,1;2,5,1;3,5,1|76,96,80,87,78,78,88,80
1542|3,5,1;1,7,1;1,10,1;10,1,1;1,1,1;1,6,1;2,7,1;3,7,1;8,2,1|70,72,87,80,96,87,81,90
1543|8,2,1;2,1,1;8,3,1;10,3,1;10,1,1;9,2,1;8,1,1;3,1,1;5,3,1|93,89,76,94,77,91,96,77
1544|5,3,1;5,1,1;1,1,1;7,10,1;10,7,1;8,7,1;8,8,1;10,10,1;8,10,1|76,75,84,74,87,92,97,83
1545|8,10,1;10,10,1;10,1,1;4,10,1;1,7,1;2,6,1;2,2,1;5,2,1;6,3,1|74,86,93,76,85,89,73,85
1546|6,3,1;6,1,1;1,1,1;7,10,1;10,7,1;10,10,1;8,8,1;10,6,1;7,6,1|75,96,97,87,85,70,99,75
1547|7,6,1;10,3,1;10,1,1;1,1,1;6,2,1;4,6,1;4,5,1;1,8,1;5,8,1|89,82,70,95,74,79,82,89
1548|5,8,1;7,10,1;10,10,1;1,7,1;6,6,1;7,6,1;7,1,1;5,3,1;5,1,1|96,96,88,93,82,74,83,79
1549|5,1,1;10,1,1;1,7,1;4,10,1;4,8,1;8,10,1;5,10,1;5,9,1;8,9,1|90,89,88,89,78,88,93,81
1550|8,9,1;10,7,1;6,3,1;7,3,1;10,6,1;10,2,1;9,3,1;9,4,1;7,6,1|86,77,98,83,96,96,79,76
1551|7,6,1;10,6,1;6,10,1;1,10,1;7,5,1;10,5,1;10,1,1;8,3,1;9,3,1|82,70,80,72,89,84,77,88
1552|9,1,1;1,9,1;1,10,1;10,10,1;6,6,1;5,6,1;1,2,1;2,9,1;10,7,1|87,85,90,99,87,95,77,79
1553|10,7,1;4,10,1;6,8,1;5,8,1;7,10,1;10,10,1;8,8,1;6,10,1;5,10,1|76,84,85,81,85,94,77,80
1554|5,10,1;1,6,1;6,1,1;10,5,1;4,4,1;1,1,1;1,5,1;2,4,1;2,3,1|93,91,89,73,83,88,79,76
1555|2,3,1;1,4,1;1,1,1;10,7,1;2,1,1;7,6,1;3,10,1;1,8,1;1,5,1|87,99,80,97,83,71,70,83
1556|1,5,1;1,10,1;10,10,1;7,1,1;10,1,1;10,3,1;9,2,1;3,1,1;7,9,1|91,70,86,85,93,87,86,70
1557|7,9,1;7,10,1;10,7,1;1,4,1;6,10,1;9,1,1;5,1,1;2,4,1|89,94,95,92,92,86,77
1558|2,4,1;1,4,1;10,7,1;4,6,1;8,2,1;9,2,1;8,3,1;8,8,1;10,10,1;8,10,1|81,72,95,73,88,75,70,70,75
1559|8,10,1;10,6,1;10,1,1;1,10,1;3,6,1;4,6,1;7,9,1;3,9,1;4,8,1|89,92,85,83,72,84,87,99
1560|4,8,1;1,8,1;7,10,1;10,10,1;8,8,1;8,9,1;10,7,1;8,7,1;10,5,1|80,84,71,82,91,73,71,90
1561|10,5,1;6,1,1;1,1,1;4,10,1;8,8,1;7,9,1;8,9,1;10,7,1;10,6,1|89,95,75,87,71,77,81,99
1562|10,6,1;6,10,1;1,10,1;10,7,1;7,10,1;5,8,1;7,6,1;8,6,1;5,9,1|74,84,82,76,79,96,97,82
1563|1,10,1;1,1,1;10,4,1;8,4,1;10,6,1;10,5,1;7,8,1;6,8,1;6,7,1|92,74,83,89,99,70,94,83
1564|6,7,1;9,10,1;1,8,1;6,8,1;10,4,1;1,1,1;5,3,1;10,3,1;8,1,1|70,98,72,94,73,72,70,84
1565|8,1,1;1,1,1;4,10,1;5,9,1;5,5,1;3,3,1;3,5,1;4,6,1;4,9,1|87,70,91,80,88,78,98,89
1566|4,9,1;10,1,1;4,2,1;3,1,1;1,1,1;10,4,1;10,8,1;9,7,1;8,8,1|97,74,97,71,76,81,71,78
1567|8,8,1;9,1,1;10,2,1;9,3,1;8,10,1;1,4,1;8,9,1;1,2,1;1,1,1|91,93,77,70,96,78,74,79
1568|1,1,1;1,2,1;5,2,1;10,7,1;8,1,1;8,4,1;7,3,1;1,8,1;5,4,1|84,98,94,84,73,84,84,82
1569|5,4,1;10,9,1;5,10,1;5,5,1;10,10,1;6,10,1;6,7,1;8,9,1;7,9,1|74,92,94,76,78,80,95,85
1570|7,9,1;10,3,1;9,10,1;8,5,1;8,10,1;6,4,1;6,9,1;3,9,1|88,99,94,96,82,71,80
1571|3,9,1;1,7,1;10,1,1;7,10,1;10,10,1;2,6,1;2,7,1;7,2,1;8,2,1|85,70,93,99,78,84,88,87
1572|8,2,1;9,1,1;1,3,1;1,1,1;2,1,1;10,7,1;5,2,1;5,3,1;8,6,1|98,87,80,79,90,86,71,98
1573|4,8,1;5,1,1;1,1,1;3,3,1;1,5,1;3,5,1;3,10,1;10,5,1;9,5,1|97,81,97,77,85,93,94,75
1574|9,5,1;10,5,1;10,10,1;4,1,1;10,4,1;5,4,1;7,2,1;7,3,1;8,2,1|82,72,79,72,97,80,81,78
1575|10,9,1;10,1,1;7,10,1;3,8,1;1,6,1;1,1,1;7,5,1;3,1,1;2,1,1|88,80,96,80,85,80,89,87
1576|2,1,1;1,2,1;7,10,1;10,7,1;9,6,1;6,6,1;6,4,1;7,5,1;9,3,1|88,80,79,87,90,87,88,71
1577|2,9,1;1,9,1;1,10,1;10,7,1;8,3,1;10,3,1;9,4,1;9,5,1;10,6,1|85,78,99,76,71,86,92,92
1578|10,6,1;6,10,1;10,10,1;9,9,1;10,8,1;9,8,1;8,9,1;4,1,1;1,1,1|73,90,81,70,82,83,71,97
1579|1,1,1;10,1,1;7,10,1;3,8,1;4,8,1;1,5,1;1,9,1;2,8,1;3,9,1|73,84,94,79,71,78,90,91
1580|10,10,1;7,1,1;6,2,1;5,1,1;6,1,1;1,6,1;1,1,1;3,3,1;2,4,1|76,74,93,99,78,76,84,78
1581|2,4,1;3,4,1;6,1,1;10,1,1;9,8,1;10,8,1;9,7,1;9,2,1;8,3,1|77,80,91,72,71,77,81,90
1582|8,3,1;10,5,1;5,10,1;1,10,1;8,5,1;9,5,1;5,9,1;5,7,1;10,2,1|92,95,88,79,80,81,86,86
1583|10,2,1;1,5,1;1,1,1;10,1,1;2,5,1;2,2,1;7,7,1;9,7,1;4,2,1|73,96,92,70,84,89,78,74
1584|4,2,1;1,2,1;5,10,1;1,10,1;4,7,1;5,8,1;5,9,1;6,10,1;10,6,1|91,98,92,97,72,91,70,77
1585|5,5,1;10,5,1;6,1,1;1,6,1;5,10,1;1,10,1;2,9,1;3,9,1;6,6,1|96,71,79,75,92,97,97,85
1586|6,6,1;10,2,1;8,6,1;9,6,1;5,10,1;1,6,1;6,1,1;1,1,1;1,5,1|81,97,75,81,92,87,78,77
1587|1,5,1;1,10,1;10,7,1;1,1,1;1,4,1;3,2,1;8,3,1;8,4,1;9,3,1|80,96,87,78,92,90,74,93
1588|9,3,1;10,4,1;1,10,1;9,4,1;6,1,1;1,6,1;2,7,1;1,8,1;2,8,1|74,73,99,84,72,92,98,70
1589|1,10,1;10,10,1;2,6,1;2,10,1;5,7,1;5,6,1;1,2,1;2,1,1|93,85,92,82,88,94,98
1590|2,1,1;1,1,1;4,10,1;8,8,1;8,9,1;4,9,1;3,8,1;7,8,1;10,5,1|80,82,94,77,82,85,71,96
1591|10,5,1;10,10,1;1,7,1;1,6,1;5,2,1;2,2,1;3,3,1;2,3,1;2,4,1|78,83,91,76,73,94,79,73
1592|2,4,1;10,10,1;7,7,1;7,8,1;1,1,1;6,6,1;10,2,1;4,1,1;2,1,1|81,87,97,84,72,83,85,96
1593|6,8,1;10,4,1;10,1,1;1,1,1;6,6,1;7,6,1;3,2,1;1,4,1;10,10,1|89,72,85,81,84,96,99,74
1594|10,10,1;4,1,1;10,9,1;9,10,1;1,10,1;7,2,1;5,2,1;5,4,1;6,4,1|75,86,84,92,79,71,91,94
1595|6,4,1;10,8,1;8,10,1;1,9,1;5,5,1;1,1,1;1,8,1;7,1,1|95,77,90,99,90,92,87
1596|1,4,1;6,5,1;6,9,1;5,8,1;5,9,1;1,5,1;1,9,1;2,8,1;3,9,1|98,78,80,72,95,79,95,87
1597|3,9,1;1,7,1;10,1,1;10,10,1;9,5,1;9,2,1;2,3,1;2,7,1;6,7,1|79,74,82,87,83,96,70,81
1598|6,7,1;10,3,1;10,1,1;1,10,1;7,7,1;5,9,1;5,7,1;3,9,1;4,9,1|81,80,76,73,88,86,77,94
1599|4,9,1;1,3,1;1,1,1;7,2,1;8,1,1;9,2,1;10,1,1;9,1,1|93,81,97,91,92,99,76
1600|9,1,1;1,9,1;10,6,1;8,4,1;8,7,1;10,5,1;6,1,1;1,1,1|90,89,95,81,80,75,98
1601|1,8,1;3,10,1;4,9,1;8,1,1;10,1,1;10,2,1;9,3,1;3,1,1;7,1,1|76,71,88,85,70,93,79,92
1602|7,1,1;10,4,1;1,7,1;1,10,1;6,5,1;6,10,1;10,10,1;7,7,1;10,7,1|80,86,97,97,73,87,79,79
1603|10,7,1;10,6,1;5,1,1;1,5,1;5,5,1;1,9,1;6,10,1;10,10,1;8,8,1|85,87,95,76,82,82,70,98
1604|8,8,1;4,10,1;1,10,1;2,9,1;1,9,1;5,7,1;2,7,1;2,5,1;3,6,1|70,81,78,88,72,88,76,78
1605|3,6,1;1,6,1;1,1,1;10,4,1;8,8,1;6,10,1;3,7,1;1,7,1;4,10,1|91,97,84,73,87,75,79,70
1606|4,10,1;1,7,1;2,6,1;6,10,1;5,10,1;10,5,1;7,2,1;10,2,1;9,1,1|87,70,70,77,99,73,94,77
1607|10,1,1;1,4,1;4,1,1;9,1,1;10,2,1;2,10,1;1,9,1;1,5,1;3,7,1|76,77,75,72,93,73,89,94
1608|3,7,1;10,8,1;6,6,1;6,1,1;1,6,1;5,10,1;7,8,1;4,8,1;2,10,1|87,92,71,72,84,96,71,70
1609|2,10,1;1,9,1;1,10,1;10,4,1;1,7,1;6,6,1;4,8,1;5,8,1;3,10,1|77,78,98,77,88,88,72,81
1610|3,10,1;7,8,1;5,10,1;8,10,1;1,3,1;3,1,1;8,6,1;7,7,1;8,8,1|88,94,74,79,88,95,76,75
1611|8,8,1;10,10,1;1,4,1;1,1,1;3,3,1;3,1,1;4,2,1;8,2,1;8,5,1|87,99,71,72,90,94,85,88
1612|8,5,1;3,10,1;5,6,1;4,7,1;5,7,1;8,10,1;4,10,1;5,9,1;4,8,1|83,92,80,78,99,85,81,92
1613|4,8,1;3,1,1;1,1,1;7,6,1;3,2,1;1,4,1;4,7,1;5,6,1;4,6,1|89,81,71,97,97,70,95,71
1614|4,6,1;1,6,1;1,10,1;10,7,1;4,5,1;9,5,1;5,9,1;3,7,1;3,9,1|81,87,91,81,78,70,72,74
1615|3,9,1;1,7,1;10,4,1;10,1,1;8,1,1;9,2,1;9,10,1;8,9,1;4,9,1|89,91,70,77,94,75,83,80
1616|4,9,1;1,6,1;1,10,1;10,4,1;10,1,1;8,3,1;9,3,1;7,1,1;1,5,1|87,72,80,87,79,81,78,91
1617|1,5,1;5,1,1;10,1,1;4,3,1;1,6,1;1,10,1;3,8,1;5,10,1;2,10,1|92,98,73,74,89,89,76,92
1618|2,10,1;8,1,1;10,1,1;1,4,1;1,1,1;5,5,1;1,9,1;1,10,1;6,5,1|79,97,72,82,91,87,89,99
1619|6,5,1;10,5,1;6,1,1;1,6,1;1,1,1;5,1,1;2,4,1;8,6,1;10,6,1|80,77,82,76,70,72,95,90
1620|10,6,1;4,1,1;1,4,1;3,4,1;1,6,1;3,6,1;7,10,1;10,7,1;10,10,1|89,71,82,73,75,95,70,97
1621|10,10,1;1,4,1;10,7,1;10,6,1;6,2,1;9,2,1;8,3,1;9,3,1;9,4,1|96,85,75,77,83,74,72,76
1622|9,4,1;10,5,1;5,10,1;10,10,1;1,4,1;5,8,1;1,8,1;3,10,1;4,9,1|76,91,74,82,74,81,93,92
1623|3,10,1;10,4,1;7,1,1;5,3,1;5,1,1;6,1,1;8,3,1;10,1,1;8,1,1|80,77,95,81,83,93,75,74
1624|9,10,1;1,10,1;10,4,1;6,4,1;3,1,1;1,1,1;3,3,1;1,3,1;7,8,1|71,91,97,94,80,99,80,71
1625|1,8,1;2,1,1;3,2,1;2,3,1;2,10,1;7,5,1;4,2,1;3,3,1;1,1,1|77,71,89,83,72,85,78,81
1626|1,1,1;10,10,1;7,1,1;2,1,1;1,2,1;7,10,1;9,10,1;8,9,1;9,8,1|87,72,75,71,90,87,70,95
1627|9,8,1;2,1,1;10,1,1;10,10,1;1,7,1;4,10,1;1,10,1;5,6,1;3,6,1|93,79,78,75,90,86,82,85
1628|6,6,1;6,1,1;1,1,1;5,5,1;5,10,1;1,6,1;4,6,1;1,3,1;2,3,1|92,75,94,80,87,96,70,91
1629|2,3,1;1,3,1;1,10,1;4,1,1;3,2,1;2,1,1;3,1,1;2,2,1|95,89,93,89,85,73,80
1630|2,2,1;2,1,1;10,3,1;1,6,1;6,6,1;3,3,1;3,2,1;1,4,1;1,1,1|70,87,94,75,95,75,97,96
1631|1,1,1;10,1,1;1,10,1;1,8,1;6,1,1;2,5,1;2,1,1;5,1,1|77,90,89,96,90,86,90
1632|5,1,1;1,1,1;10,4,1;4,5,1;9,10,1;5,10,1;6,9,1;5,8,1;5,7,1|70,75,74,93,86,94,83,95
1633|9,8,1;9,1,1;10,1,1;10,10,1;7,1,1;3,5,1;4,5,1;1,8,1;3,10,1|84,74,84,76,75,73,75,89
1634|3,10,1;1,8,1;10,2,1;10,1,1;1,4,1;1,1,1;3,1,1;10,6,1;10,3,1|82,96,77,88,73,72,91,71
1635|10,3,1;10,1,1;6,3,1;7,3,1;7,1,1;10,4,1;8,8,1;10,8,1;10,9,1|90,78,99,90,98,83,88,71
1636|10,9,1;4,1,1;1,4,1;3,8,1;3,7,1;6,4,1;9,7,1;9,4,1;7,4,1|71,97,79,87,76,90,77,80
1637|7,4,1;7,1,1;1,10,1;10,7,1;8,1,1;9,2,1;9,7,1;4,2,1;2,2,1|74,93,94,78,74,70,85,98
1638|1,1,1;4,10,1;7,1,1;7,6,1;9,6,1;8,5,1;10,3,1;8,1,1;10,1,1|99,74,80,70,74,89,80,71
1639|10,1,1;7,10,1;1,1,1;9,7,1;3,2,1;8,2,1;6,4,1;5,3,1;4,3,1|87,88,88,74,86,83,80,79
1640|4,3,1;4,1,1;4,10,1;1,7,1;3,1,1;2,2,1;2,7,1;3,7,1;3,2,1|70,77,99,85,75,87,95,78
1641|3,2,1;10,1,1;6,3,1;1,3,1;9,7,1;10,8,1;10,10,1;1,7,1;2,6,1|95,84,88,75,75,87,85,92
1642|10,1,1;1,4,1;1,1,1;1,10,1;7,8,1;9,10,1;5,4,1;7,2,1;8,3,1|76,77,97,85,81,93,84,79
1643|8,3,1;3,10,1;1,10,1;6,4,1;10,8,1;9,1,1;10,1,1;9,2,1;8,1,1|80,88,72,72,83,92,78,83
1644|8,1,1;10,3,1;6,1,1;1,1,1;7,10,1;10,10,1;8,8,1;9,7,1;4,2,1|71,75,87,89,74,83,97,73
1645|4,2,1;5,1,1;10,6,1;10,10,1;5,3,1;9,9,1;6,6,1;7,5,1;7,4,1|88,79,70,84,94,79,76,82
1646|7,4,1;7,1,1;3,3,1;4,3,1;4,1,1;2,3,1;10,7,1;10,10,1;5,5,1|89,89,94,85,74,76,82,70
1647|5,5,1;5,10,1;10,10,1;6,6,1;10,2,1;10,1,1;1,1,1;4,4,1;7,4,1|91,94,79,71,80,97,86,84
1648|7,4,1;2,5,1;6,7,1;5,7,1;4,6,1;2,8,1;2,9,1;3,8,1|91,91,72,99,84,81,87
1649|2,2,1;8,10,1;1,9,1;1,1,1;10,1,1;8,7,1;8,2,1;6,4,1;7,4,1|97,92,88,78,71,72,71,93
1650|7,4,1;5,8,1;10,3,1;10,10,1;4,1,1;10,2,1;7,5,1;5,3,1;5,4,1|87,77,93,80,76,76,78,88
1651|5,4,1;2,1,1;1,6,1;1,10,1;10,7,1;3,7,1;2,8,1;3,9,1|99,97,96,90,84,72,76
1652|3,9,1;1,9,1;1,10,1;10,7,1;1,1,1;10,1,1;10,6,1;7,9,1;4,9,1|84,73,86,78,92,71,98,89
1653|4,9,1;1,9,1;2,10,1;10,6,1;10,10,1;5,5,1;5,6,1;6,5,1|80,95,92,91,80,98,87
1654|6,5,1;2,1,1;5,10,1;10,10,1;7,1,1;10,1,1;10,9,1;7,6,1;9,6,1|77,73,80,86,88,79,93,78
1655|9,6,1;4,1,1;1,4,1;7,5,1;10,2,1;10,1,1;8,3,1;7,3,1;5,1,1|71,88,94,87,73,77,86,72
1656|5,1,1;1,5,1;6,10,1;10,6,1;6,2,1;10,2,1;10,5,1;8,3,1;1,9,1|94,93,95,74,93,71,92,80
1657|1,10,1;1,1,1;7,10,1;2,5,1;2,2,1;6,6,1;6,2,1;3,2,1;5,4,1|73,97,74,76,91,83,92,99
1658|5,4,1;8,1,1;10,1,1;7,10,1;10,7,1;5,7,1;2,10,1;1,10,1;3,8,1|84,71,77,81,85,89,72,70
1659|3,8,1;5,10,1;10,10,1;1,1,1;3,5,1;3,4,1;8,9,1;5,9,1|79,94,96,91,87,89,79
1660|5,9,1;10,3,1;8,1,1;7,2,1;8,2,1;7,1,1;6,2,1;5,1,1;6,1,1|86,85,90,88,74,79,89,78
1661|6,1,1;1,1,1;4,10,1;4,9,1;2,7,1;1,8,1;1,10,1;2,9,1;2,10,1|75,78,99,87,71,98,84,72
1662|9,10,1;10,5,1;10,1,1;4,10,1;8,10,1;5,7,1;5,9,1;7,9,1|97,84,91,94,97,77,89
1663|8,8,1;1,2,1;1,1,1;10,7,1;8,1,1;9,2,1;9,6,1;8,5,1;8,2,1|78,92,77,99,70,74,80,73
1664|1,8,1;6,1,1;1,1,1;4,10,1;4,6,1;1,9,1;1,10,1;3,10,1;3,8,1|92,83,82,70,80,80,70,98
1665|3,8,1;10,2,1;9,1,1;1,5,1;1,10,1;7,5,1;10,5,1;10,10,1;8,10,1|84,74,81,88,79,83,95,90
1666|8,10,1;10,6,1;10,10,1;9,10,1;9,6,1;10,5,1;10,1,1;7,4,1|91,81,81,87,92,89,93
1667|7,4,1;10,4,1;1,7,1;6,6,1;6,1,1;8,3,1;7,3,1;9,1,1;9,3,1|82,86,96,93,83,76,72,87
1668|9,3,1;7,1,1;10,10,1;10,1,1;8,3,1;8,7,1;5,10,1;9,10,1;8,9,1|82,97,97,74,91,87,78,83
1669|8,9,1;2,1,1;8,8,1;3,3,1;3,2,1;7,2,1;5,4,1;5,3,1;4,3,1|96,77,81,77,97,80,79,98
1670|4,3,1;6,1,1;10,1,1;4,4,1;6,4,1;5,5,1;10,10,1;8,2,1;7,3,1|73,82,91,83,74,97,80,90
1671|7,3,1;10,3,1;10,1,1;1,1,1;10,4,1;8,8,1;9,7,1;8,7,1;9,6,1;5,2,1|77,75,81,88,76,75,71,72,78
1672|5,2,1;10,2,1;10,1,1;1,1,1;10,7,1;7,10,1;7,8,1;8,8,1;10,10,1|70,97,93,88,89,72,77,92
1673|10,10,1;1,10,1;1,1,1;6,6,1;3,9,1;4,9,1;8,1,1;10,1,1;10,2,1|95,80,81,74,71,87,88,97
1674|10,2,1;8,10,1;10,10,1;10,9,1;4,1,1;9,6,1;9,1,1;3,10,1|90,86,89,95,90,78,93
1675|3,10,1;1,8,1;1,10,1;2,10,1;10,6,1;10,10,1;7,7,1;7,10,1;9,10,1|97,75,74,87,78,87,98,72
1676|9,10,1;1,2,1;2,1,1;5,4,1;3,2,1;6,2,1;10,6,1;6,6,1;7,5,1|81,78,95,75,78,75,73,88
1677|7,5,1;2,10,1;1,9,1;4,6,1;2,6,1;3,7,1;2,7,1;2,9,1;10,1,1|91,95,73,94,81,90,79,79
1678|8,6,1;10,8,1;10,1,1;1,4,1;5,2,1;5,3,1;3,3,1;4,2,1;3,1,1|99,94,71,74,86,72,93,73
1679|3,1,1;1,1,1;10,10,1;1,7,1;1,2,1;3,8,1;4,7,1;2,5,1;2,4,1|98,80,99,84,78,79,74,88
1680|8,7,1;8,10,1;10,10,1;9,9,1;10,8,1;9,8,1;10,7,1;9,7,1;10,6,1|75,79,74,77,78,85,80,88
1681|10,6,1;5,1,1;1,1,1;4,10,1;8,8,1;7,8,1;10,5,1;10,1,1;6,9,1|74,82,82,81,75,82,87,83
1682|6,9,1;5,10,1;10,10,1;1,7,1;10,1,1;2,7,1;1,8,1;1,10,1;3,8,1|72,97,71,78,84,87,96,92
1683|3,8,1;3,1,1;10,2,1;10,1,1;7,10,1;2,3,1;2,1,1;1,2,1;1,1,1|77,73,73,79,88,73,77,96
1684|1,1,1;4,10,1;1,10,1;1,8,1;2,9,1;10,3,1;8,1,1;8,2,1;7,2,1|75,96,91,95,70,93,86,76
1685|7,2,1;7,1,1;4,10,1;1,7,1;1,2,1;7,10,1;5,10,1;2,7,1;1,8,1|86,76,99,92,75,79,83,70
1686|1,8,1;1,1,1;10,4,1;10,1,1;1,10,1;10,7,1;10,5,1;9,4,1|74,98,95,91,94,81,94
1687|9,4,1;10,9,1;8,1,1;8,10,1;1,3,1;1,10,1;2,5,1;2,9,1;5,9,1|78,77,82,92,85,98,73,93
1688|5,9,1;10,4,1;1,4,1;4,1,1;10,3,1;9,2,1;4,2,1;4,3,1;3,3,1|74,80,77,79,85,76,72,87
1689|3,3,1;3,10,1;1,10,1;2,9,1;2,5,1;3,6,1;3,5,1;5,5,1;3,7,1|70,87,84,90,83,74,74,81
1690|3,7,1;1,7,1;1,10,1;10,7,1;10,10,1;4,8,1;5,9,1;9,9,1;9,7,1|76,84,75,71,92,93,84,90
1691|9,7,1;10,1,1;7,10,1;10,10,1;8,8,1;6,10,1;6,8,1;4,10,1;1,7,1|83,95,74,76,78,92,88,89
1692|1,7,1;10,10,1;4,5,1;2,3,1;4,1,1;8,3,1;8,4,1;9,3,1;9,5,1|88,76,92,72,90,70,80,99
1693|9,2,1;1,8,1;6,1,1;6,2,1;5,1,1;1,5,1;1,1,1;4,1,1;5,2,1|75,91,77,82,80,79,70,76
1694|5,2,1;1,4,1;4,4,1;1,7,1;4,10,1;1,10,1;1,8,1;2,7,1;3,7,1|76,94,78,78,97,86,72,92
1695|3,7,1;1,9,1;2,10,1;2,9,1;10,5,1;7,5,1;10,8,1;8,10,1;3,10,1|91,87,96,92,99,73,70,85
1696|3,10,1;8,9,1;1,10,1;2,10,1;1,9,1;5,5,1;8,8,1;8,5,1;7,6,1|72,83,87,81,70,73,75,93
1697|7,6,1;7,10,1;10,4,1;8,6,1;8,5,1;10,7,1;8,7,1;8,10,1;10,8,1|90,87,72,99,74,74,97,86
1698|10,8,1;1,2,1;1,10,1;10,10,1;2,6,1;5,9,1;8,9,1;10,7,1;1,1,1|72,95,88,97,73,88,87,90
1699|1,1,1;10,4,1;5,4,1;10,9,1;10,5,1;7,5,1;9,7,1;6,10,1;10,10,1|92,75,95,97,71,72,77,84
1700|10,10,1;1,7,1;7,5,1;6,6,1;5,5,1;5,6,1;1,2,1;2,1,1|97,86,86,88,96,93,96
1701|2,1,1;8,10,1;10,10,1;7,1,1;7,10,1;1,8,1;6,8,1;5,9,1;2,9,1|94,82,73,70,93,93,90,99
1702|2,9,1;3,10,1;10,9,1;10,10,1;1,1,1;10,4,1;10,1,1;6,5,1|85,92,98,88,89,99,86
1703|6,5,1;10,1,1;1,1,1;6,2,1;2,2,1;2,5,1;4,3,1;5,4,1|95,95,96,98,83,79,90
1704|5,4,1;1,8,1;3,4,1;4,4,1;8,6,1;8,7,1;9,7,1;9,6,1|73,87,89,80,98,96,97
1705|9,6,1;7,10,1;10,7,1;5,7,1;8,10,1;10,10,1;10,8,1;9,9,1;8,8,1|70,81,95,74,71,76,85,91
1706|10,10,1;1,7,1;10,4,1;2,6,1;7,6,1;10,9,1;4,8,1;3,8,1;1,10,1|82,82,72,86,96,78,80,96
1707|1,10,1;10,7,1;10,10,1;8,8,1;10,6,1;5,1,1;1,1,1;1,9,1;6,9,1|83,90,74,96,75,76,73,84
1708|6,9,1;1,4,1;1,1,1;10,1,1;10,10,1;4,8,1;1,8,1;2,7,1;3,7,1|98,85,76,84,73,76,91,70
1709|3,7,1;1,5,1;2,10,1;1,10,1;1,6,1;5,10,1;10,10,1;4,1,1;6,3,1|91,80,74,98,76,82,83,94
1710|6,3,1;10,3,1;8,1,1;8,2,1;8,10,1;7,10,1;3,6,1;5,4,1;4,3,1|76,85,94,77,75,70,78,76
1711|4,3,1;1,6,1;7,1,1;10,4,1;7,7,1;9,7,1;9,4,1;8,5,1;8,6,1|85,77,82,81,98,79,85,79
1712|8,6,1;10,8,1;8,10,1;7,9,1;5,1,1;10,1,1;8,9,1;9,10,1|90,71,95,87,97,71,99
1713|9,10,1;9,1,1;1,7,1;7,2,1;3,6,1;7,10,1;1,8,1;4,8,1;5,9,1|91,79,93,95,70,85,91,88
1714|4,10,1;1,7,1;10,7,1;8,5,1;10,3,1;10,6,1;8,4,1;10,2,1;8,2,1|79,93,82,77,79,71,86,93
1715|8,2,1;10,4,1;10,1,1;10,10,1;1,10,1;6,5,1;2,1,1;1,6,1;1,1,1|71,77,71,83,81,79,87,93
1716|1,1,1;2,2,1;3,1,1;10,2,1;10,1,1;5,6,1;2,3,1;3,2,1;8,2,1|94,95,72,84,85,90,87,81
1717|8,2,1;1,1,1;4,10,1;8,8,1;10,6,1;10,9,1;2,3,1;5,6,1;5,5,1|74,89,77,95,97,98,70,95
1718|1,1,1;4,10,1;1,10,1;5,4,1;1,8,1;3,4,1;3,5,1;2,5,1|79,97,81,98,71,97,96
1719|1,1,1;4,10,1;8,8,1;7,9,1;6,9,1;10,5,1;8,5,1;10,3,1;10,4,1|86,87,87,80,87,79,70,98
1720|10,4,1;1,7,1;1,10,1;9,10,1;3,1,1;10,1,1;10,3,1;9,2,1;4,2,1|82,86,81,96,74,79,70,78
1721|1,1,1;10,4,1;5,5,1;9,5,1;9,8,1;7,6,1;3,10,1;1,8,1;4,8,1|80,90,79,72,84,88,93,72
1722|4,8,1;9,1,1;4,7,1;7,10,1;10,7,1;6,7,1;7,8,1;6,8,1;4,10,1|92,96,71,75,74,91,90,95
1723|4,10,1;7,1,1;10,4,1;5,9,1;5,4,1;10,9,1;6,9,1;7,8,1;8,8,1|91,82,76,72,73,80,95,74
1724|8,8,1;7,1,1;7,10,1;10,7,1;9,7,1;8,1,1;1,6,1;1,2,1|95,96,90,79,97,87,80
1725|1,2,1;1,10,1;10,10,1;1,4,1;2,5,1;1,6,1;1,7,1;3,9,1;2,9,1|95,87,95,79,90,86,89,70
1726|2,10,1;1,10,1;10,10,1;1,1,1;1,3,1;2,3,1;4,1,1;10,9,1;5,3,1|97,82,87,93,78,81,96,77
1727|5,8,1;7,10,1;10,7,1;1,7,1;4,10,1;9,5,1;5,1,1;9,1,1;8,2,1|81,95,75,74,91,74,89,94
1728|5,10,1;10,10,1;10,1,1;1,4,1;9,6,1;6,9,1;6,5,1;7,5,1;9,7,1|96,79,73,90,70,99,80,72
1729|9,7,1;10,8,1;1,5,1;1,1,1;2,2,1;6,2,1;6,5,1;4,3,1;5,3,1|78,89,98,78,79,82,76,93
1730|10,2,1;9,1,1;1,7,1;4,4,1;5,4,1;3,6,1;3,4,1;2,3,1;4,1,1|86,98,85,73,88,82,72,81
1731|4,1,1;5,2,1;1,6,1;1,1,1;7,5,1;3,1,1;2,1,1;3,2,1;2,3,1|96,96,96,72,91,95,70,74
1732|2,3,1;1,4,1;3,8,1;3,7,1;5,9,1;10,4,1;7,1,1;10,1,1;10,3,1|80,86,82,85,82,70,93,83
1733|10,3,1;10,1,1;4,10,1;10,8,1;9,9,1;9,8,1;8,9,1;7,8,1;6,9,1|71,70,71,86,89,74,94,85
1734|6,9,1;5,10,1;1,6,1;10,3,1;6,1,1;6,2,1;5,1,1;1,5,1;1,1,1|71,77,92,70,83,72,97,75
1735|1,1,1;4,10,1;5,4,1;9,8,1;9,5,1;5,9,1;5,5,1;3,7,1;2,7,1|96,72,92,74,82,81,72,94
1736|2,7,1;8,10,1;10,4,1;5,9,1;5,8,1;6,7,1;7,8,1;7,9,1|96,90,95,98,77,74,91
1737|7,9,1;6,8,1;6,10,1;1,5,1;1,4,1;5,8,1;6,7,1;6,4,1;3,4,1|84,79,80,76,89,86,85,88
1738|3,4,1;6,1,1;10,5,1;10,1,1;7,1,1;10,10,1;2,8,1;2,10,1;1,9,1|89,76,74,97,77,86,85,95
1739|1,9,1;1,10,1;10,7,1;6,5,1;7,5,1;7,9,1;5,7,1;6,7,1;4,9,1|88,93,76,97,86,84,75,81
1740|4,9,1;1,6,1;1,1,1;10,4,1;10,1,1;8,1,1;9,2,1;5,6,1;5,10,1|80,94,73,84,79,71,80,89
1741|5,10,1;1,10,1;4,1,1;7,10,1;6,10,1;2,6,1;3,5,1;3,3,1;2,4,1|79,88,90,79,84,94,70,73
1742|2,4,1;1,5,1;10,2,1;9,1,1;10,1,1;7,4,1;4,1,1;1,4,1;1,1,1|86,93,98,95,77,86,76,79
1743|1,1,1;10,7,1;1,4,1;3,4,1;1,8,1;2,8,1;1,7,1;1,5,1;2,6,1|78,93,86,89,74,75,98,89
1744|2,6,1;1,7,1;4,10,1;1,10,1;10,4,1;10,1,1;1,1,1;5,7,1;5,10,1|73,80,72,85,77,87,87,82
1745|5,10,1;10,10,1;1,1,1;10,4,1;8,6,1;7,6,1;10,9,1;10,5,1;9,6,1|73,86,71,99,87,72,97,71
1746|9,6,1;10,6,1;10,1,1;4,10,1;4,1,1;1,1,1;3,5,1;3,2,1;2,3,1|86,77,71,75,87,81,72,86
1747|2,3,1;2,1,1;1,1,1;4,10,1;2,4,1;3,5,1;2,6,1;3,7,1|95,82,97,81,95,83,89
1748|3,7,1;1,7,1;4,10,1;1,4,1;4,1,1;10,10,1;5,5,1;5,10,1;8,7,1|73,71,95,74,73,95,70,79
1749|4,1,1;1,4,1;1,1,1;3,1,1;2,2,1;10,8,1;7,5,1;6,5,1;1,10,1|95,93,74,83,78,76,80,84
1750|1,10,1;10,7,1;1,4,1;1,9,1;7,1,1;10,1,1;10,6,1;7,9,1;5,7,1|80,78,79,81,83,93,93,76
1751|5,7,1;8,10,1;10,8,1;7,8,1;10,2,1;10,7,1;8,5,1;8,7,1|98,87,99,73,85,85,96
1752|8,7,1;10,7,1;1,4,1;6,4,1;10,10,1;7,7,1;10,4,1;10,1,1;8,3,1|78,92,79,74,76,98,86,84
1753|8,3,1;10,3,1;10,1,1;9,2,1;1,4,1;2,4,1;1,5,1;6,10,1;1,10,1|95,99,71,83,74,73,82,79
1754|1,10,1;7,1,1;3,7,1;6,10,1;10,10,1;8,4,1;9,5,1;9,9,1;5,5,1|86,77,88,77,71,74,79,98
1755|5,5,1;5,10,1;10,5,1;10,10,1;6,6,1;6,1,1;9,4,1;10,4,1|87,71,87,85,96,86,96
1756|10,4,1;9,5,1;9,9,1;6,9,1;8,7,1;1,2,1;5,8,1;5,5,1;2,5,1|95,93,73,93,95,84,76,78
1757|9,1,1;9,10,1;8,5,1;8,1,1;7,1,1;3,5,1;7,9,1;8,9,1;7,8,1|74,84,92,93,70,86,89,91
1758|7,8,1;10,8,1;1,2,1;5,2,1;2,5,1;2,6,1;4,4,1;3,3,1;2,3,1|74,88,76,78,82,79,74,94
1759|1,1,1;4,10,1;8,8,1;9,7,1;9,6,1;5,10,1;9,10,1;8,9,1;7,9,1|94,95,82,89,82,82,73,99
1760|7,9,1;10,9,1;10,10,1;1,4,1;4,1,1;4,3,1;3,3,1;1,1,1;3,1,1|85,85,72,96,97,94,93,70
1761|3,1,1;10,1,1;4,10,1;5,10,1;9,6,1;8,5,1;7,5,1;4,2,1;4,6,1|84,79,70,93,82,94,94,75
1762|4,6,1;4,10,1;1,10,1;3,8,1;1,8,1;9,10,1;5,10,1;5,5,1;6,6,1|94,77,79,79,71,86,82,96
1763|6,6,1;6,10,1;10,10,1;7,1,1;4,10,1;5,10,1;9,4,1;9,9,1|86,94,92,88,97,70,84
1764|10,10,1;1,7,1;10,4,1;7,1,1;7,6,1;1,1,1;6,1,1;6,5,1;2,5,1|88,82,84,71,97,92,82,96
1765|6,6,1;10,10,1;8,6,1;9,7,1;9,6,1;4,1,1;1,4,1;3,4,1;3,1,1|82,82,70,87,90,78,72,78
1766|3,1,1;10,2,1;1,5,1;1,1,1;2,1,1;2,3,1;3,2,1;5,6,1|96,78,89,91,95,70,98
1767|8,9,1;10,9,1;6,1,1;10,1,1;5,6,1;6,6,1;5,7,1;8,10,1|81,76,96,86,83,93,94
1768|1,1,1;10,1,1;1,10,1;10,10,1;6,2,1;10,6,1;7,6,1;7,5,1|91,86,96,90,94,92,80
1769|7,5,1;10,5,1;5,10,1;1,6,1;2,1,1;1,2,1;1,5,1;5,5,1|91,92,92,74,92,89,98
1770|5,5,1;5,10,1;1,10,1;4,1,1;5,2,1;5,4,1;10,9,1;9,10,1;6,7,1|99,72,76,80,95,90,73,82
1771|6,7,1;10,3,1;10,1,1;1,1,1;1,10,1;10,10,1;4,2,1;9,8,1;8,7,1|72,83,91,98,79,91,92,80
1772|10,9,1;1,9,1;1,10,1;10,10,1;4,1,1;1,4,1;1,1,1;3,3,1;1,5,1|98,71,86,98,71,85,70,70
1773|1,5,1;6,10,1;4,6,1;5,7,1;4,7,1;5,8,1;3,10,1;1,8,1;1,6,1|77,91,74,73,80,72,92,78
1774|1,6,1;1,1,1;4,10,1;10,1,1;8,1,1;9,2,1;4,9,1;9,4,1;9,3,1|91,76,97,83,97,83,80,78
1775|9,3,1;1,9,1;7,1,1;3,3,1;5,1,1;6,1,1;2,5,1;7,10,1;7,6,1|87,71,88,73,92,73,93,86
1776|10,8,1;1,5,1;10,5,1;6,1,1;6,4,1;1,4,1;4,1,1;1,1,1|98,74,89,92,99,98,70
1777|1,1,1;10,4,1;10,1,1;8,1,1;1,8,1;3,10,1;1,10,1;1,9,1;6,2,1|72,97,72,71,75,89,79,91
1778|6,2,1;10,8,1;8,10,1;1,9,1;1,10,1;5,6,1;1,2,1;2,8,1;5,5,1|79,95,80,90,97,73,75,94
1779|5,5,1;10,10,1;1,10,1;4,1,1;2,7,1;3,6,1;2,6,1;2,4,1;1,3,1|79,91,75,92,81,95,84,91
1780|6,2,1;10,2,1;5,1,1;5,6,1;9,10,1;10,10,1;7,7,1;4,10,1|91,95,98,97,98,72,93
1781|10,9,1;10,10,1;1,7,1;10,4,1;10,1,1;1,4,1;1,6,1;9,8,1;10,7,1|85,72,96,78,73,83,77,99
1782|10,7,1;1,1,1;1,10,1;9,8,1;9,10,1;8,10,1;9,3,1;2,2,1;2,3,1|96,70,91,98,86,73,90,87
1783|2,3,1;10,3,1;10,4,1;6,8,1;1,3,1;3,1,1;3,2,1;2,1,1;1,2,1|70,89,82,89,92,85,77,81
1784|1,1,1;10,10,1;8,6,1;9,6,1;9,8,1;2,1,1;8,5,1;7,5,1;4,2,1|90,82,77,73,84,80,88,73
1785|4,2,1;4,1,1;1,1,1;10,7,1;5,2,1;6,1,1;6,2,1;10,6,1;10,1,1|77,88,99,88,97,86,70,77
1786|9,9,1;4,10,1;1,10,1;5,8,1;10,3,1;8,7,1;8,6,1;9,5,1;9,7,1|97,70,83,89,91,93,88,72
1787|9,7,1;10,8,1;8,10,1;1,4,1;1,5,1;5,9,1;2,9,1;3,8,1|81,75,89,95,89,99,86
1788|3,8,1;3,10,1;1,10,1;1,1,1;10,4,1;10,1,1;10,10,1;8,8,1;9,8,1|75,96,76,72,82,74,79,79
1789|9,8,1;1,8,1;10,2,1;5,7,1;1,3,1;1,7,1;2,6,1;3,7,1|74,94,77,88,99,93,92
1790|8,3,1;1,10,1;3,6,1;2,7,1;2,6,1;7,1,1;7,3,1;10,6,1;10,1,1|84,84,87,71,81,70,80,79
1791|10,1,1;8,5,1;10,5,1;10,2,1;9,1,1;8,1,1;4,5,1;4,2,1|98,89,77,94,91,95,88
1792|4,2,1;1,5,1;3,3,1;1,1,1;10,4,1;5,4,1;1,10,1;1,6,1;3,4,1|72,85,88,85,84,90,97,70
1793|3,4,1;1,2,1;1,1,1;10,1,1;7,10,1;10,10,1;10,8,1;9,9,1|81,90,95,98,82,99,87
1794|9,9,1;1,7,1;10,1,1;5,6,1;1,2,1;1,6,1;2,5,1;2,4,1;4,6,1|72,94,94,98,78,90,86,77
1795|4,6,1;4,10,1;7,1,1;7,6,1;10,9,1;10,1,1;8,3,1;8,6,1|96,86,84,86,97,90,76
1796|8,6,1;10,4,1;10,1,1;1,10,1;10,10,1;1,7,1;1,9,1;4,6,1|97,88,78,82,91,85,95
1797|4,6,1;1,3,1;2,10,1;1,10,1;7,1,1;1,2,1;4,5,1;5,5,1|82,89,99,97,87,84,96
1798|5,5,1;1,1,1;5,3,1;5,4,1;10,4,1;1,10,1;6,5,1;10,9,1;6,9,1|97,79,87,85,90,78,92,83
1799|6,9,1;1,4,1;4,1,1;1,1,1;10,4,1;10,1,1;5,6,1;3,4,1;2,4,1|85,92,97,74,97,94,80,78
1800|2,4,1;1,4,1;10,10,1;4,6,1;1,9,1;5,9,1;4,8,1;3,8,1|83,84,98,91,97,84,99
1801|3,8,1;10,9,1;10,1,1;1,7,1;3,1,1;3,6,1;2,5,1;2,6,1|77,95,85,98,99,95,85
1802|2,6,1;10,8,1;7,5,1;9,5,1;9,6,1;5,10,1;1,10,1;4,7,1|89,97,87,89,84,80,89
1803|4,7,1;1,4,1;4,1,1;5,6,1;10,6,1;6,2,1;1,7,1;3,7,1;3,10,1|87,72,77,80,98,82,75,80
1804|3,10,1;1,8,1;10,2,1;9,1,1;1,3,1;1,1,1;2,1,1;4,3,1;5,3,1|75,80,75,98,90,74,79,70
1805|10,2,1;10,1,1;4,10,1;1,10,1;3,8,1;1,6,1;3,6,1;1,4,1;3,2,1|70,98,76,79,95,99,76,78
1806|3,2,1;1,4,1;10,1,1;6,3,1;3,3,1;4,2,1;3,1,1;1,3,1;1,1,1|89,95,72,78,70,99,82,78
1807|1,1,1;10,4,1;2,2,1;3,1,1;3,2,1;4,3,1;2,5,1;10,7,1;8,7,1|76,78,88,91,81,98,80,74
1808|3,8,1;5,10,1;8,1,1;10,3,1;7,3,1;10,6,1;10,10,1;6,10,1;3,1,1|78,73,97,98,84,85,95,71
1809|1,4,1;4,1,1;10,10,1;6,8,1;5,7,1;5,6,1;6,5,1;4,3,1;3,3,1|98,99,72,83,95,93,74,74
1810|3,3,1;2,10,1;1,10,1;4,1,1;8,7,1;8,6,1;10,4,1;8,4,1;8,1,1|84,99,92,74,88,77,71,95
1811|8,1,1;10,3,1;10,1,1;9,1,1;6,10,1;1,10,1;3,8,1;1,8,1;5,6,1|93,84,83,86,85,73,91,95
1812|5,6,1;1,6,1;5,10,1;10,5,1;6,1,1;10,1,1;10,4,1;8,2,1;9,2,1|94,70,78,90,88,76,88,99
1813|10,1,1;7,10,1;4,1,1;4,6,1;2,6,1;2,4,1;3,5,1;3,3,1|99,82,97,99,79,73,88
1814|3,3,1;9,1,1;1,3,1;2,3,1;1,2,1;2,1,1;8,2,1;4,2,1;7,5,1|70,85,76,84,76,84,82,81
1815|7,5,1;7,10,1;1,1,1;10,1,1;5,6,1;6,7,1;6,6,1;2,2,1;2,4,1|91,79,81,74,83,89,94,75
1816|2,4,1;3,5,1;3,10,1;7,6,1;7,5,1;6,6,1;7,7,1;7,8,1;5,10,1|79,78,92,80,71,87,78,76
1817|8,3,1;6,1,1;1,1,1;4,10,1;4,8,1;6,10,1;10,6,1;6,2,1;5,3,1|75,81,82,95,99,71,84,85
1818|5,3,1;1,7,1;7,10,1;10,7,1;5,6,1;9,6,1;8,5,1;7,5,1;9,3,1|74,79,77,77,77,88,92,94
1819|9,3,1;10,2,1;1,5,1;8,4,1;10,10,1;9,9,1;10,9,1;9,8,1;10,7,1|89,96,82,75,95,86,76,90
1820|10,7,1;1,7,1;4,10,1;1,10,1;1,8,1;2,9,1;3,8,1;7,10,1;10,10,1|86,88,82,81,85,97,79,83
1821|10,10,1;1,4,1;6,5,1;6,10,1;2,6,1;3,5,1;2,5,1;3,6,1;4,5,1|86,81,98,74,78,78,97,99
1822|4,5,1;1,2,1;2,1,1;1,1,1;7,10,1;1,3,1;6,8,1;4,10,1|90,93,78,91,99,86,81
1823|4,10,1;1,10,1;1,1,1;5,9,1;2,6,1;2,9,1;4,3,1;2,1,1|93,93,90,71,95,93,94
1824|2,1,1;1,1,1;4,10,1;1,10,1;1,8,1;2,9,1;10,1,1;2,3,1;2,2,1|80,94,75,78,78,74,93,89
1825|2,2,1;2,1,1;1,1,1;7,10,1;10,7,1;5,6,1;2,3,1;4,1,1;9,1,1|71,94,87,95,90,70,88,89
1826|9,1,1;9,2,1;10,3,1;1,6,1;6,6,1;1,1,1;2,1,1;3,2,1;1,4,1|71,86,95,73,92,72,81,85
1827|1,4,1;1,5,1;6,10,1;10,6,1;10,10,1;7,10,1;9,8,1;7,6,1;3,10,1|84,88,71,79,76,81,81,84
1828|3,10,1;1,8,1;1,1,1;10,4,1;10,1,1;2,7,1;2,8,1;10,10,1;5,9,1|81,93,78,70,84,79,76,70
1829|5,8,1;5,10,1;10,5,1;8,1,1;8,4,1;10,4,1;10,1,1;9,2,1;9,3,1|99,92,92,82,98,77,84,74
1830|9,3,1;10,3,1;10,1,1;7,10,1;10,7,1;5,7,1;8,4,1;10,6,1;7,6,1|76,89,79,84,86,96,82,92
1831|1,5,1;1,1,1;10,1,1;1,7,1;6,2,1;8,2,1;4,6,1;8,10,1;10,8,1|74,82,75,90,90,85,92,82
1832|10,8,1;1,5,1;6,5,1;6,1,1;9,4,1;5,6,1;3,6,1;1,8,1;3,10,1|85,76,86,72,78,85,88,92
1833|3,10,1;3,1,1;1,3,1;2,4,1;1,4,1;2,3,1;1,2,1;1,1,1;2,1,1|73,84,94,81,74,83,87,75
1834|2,1,1;1,8,1;10,5,1;5,5,1;10,10,1;10,6,1;9,7,1;9,8,1|97,82,96,94,80,96,78
1835|9,8,1;9,7,1;10,8,1;10,1,1;1,1,1;5,3,1;8,3,1;7,4,1;8,5,1|88,79,93,84,79,87,70,75
1836|8,10,1;10,10,1;1,7,1;4,10,1;7,10,1;7,8,1;6,9,1;4,9,1;4,5,1|91,75,83,98,88,75,85,87
1837|10,10,1;9,4,1;10,3,1;4,1,1;1,4,1;3,6,1;1,6,1;1,10,1;3,8,1|96,98,92,82,75,89,90,70
1838|3,8,1;1,4,1;6,4,1;1,9,1;2,10,1;10,10,1;6,6,1;10,6,1;7,3,1|72,76,80,80,75,99,78,81
1839|7,3,1;9,1,1;10,1,1;8,1,1;9,2,1;8,3,1;9,4,1;9,3,1;1,7,1|99,75,82,76,93,86,73,91
1840|1,7,1;10,1,1;10,10,1;5,5,1;5,4,1;9,4,1;3,6,1;4,5,1;5,6,1|85,78,78,80,74,93,76,74
1841|5,6,1;5,10,1;10,10,1;1,1,1;1,10,1;4,7,1;4,10,1;2,8,1;2,3,1|87,76,90,74,96,71,83,78
1842|2,3,1;8,1,1;2,2,1;1,1,1;1,10,1;2,4,1;2,8,1;5,5,1|98,93,82,93,82,88,83
1843|5,5,1;10,10,1;10,1,1;9,6,1;9,8,1;4,2,1;8,6,1;9,5,1;9,2,1|72,73,86,85,72,75,92,83
1844|9,2,1;9,1,1;10,1,1;8,1,1;8,4,1;9,3,1;9,5,1;4,10,1|91,85,88,92,95,87,88
1845|4,10,1;5,10,1;5,6,1;8,9,1;10,7,1;10,6,1;6,2,1;9,2,1|98,86,79,93,83,82,99
1846|9,2,1;7,10,1;10,10,1;6,4,1;7,3,1;10,3,1;10,1,1;1,1,1;1,10,1|70,71,93,71,81,97,91,83
1847|1,10,1;4,1,1;8,3,1;7,2,1;8,2,1;10,4,1;8,10,1;9,9,1;9,4,1|79,98,91,71,72,89,71,83
1848|9,4,1;10,5,1;10,1,1;1,1,1;4,10,1;1,10,1;3,2,1;10,8,1|87,99,80,84,90,93,76
1849|10,8,1;6,10,1;1,10,1;10,7,1;8,3,1;6,1,1;9,1,1;1,5,1;1,9,1|95,76,95,92,80,77,89,72
1850|10,10,1;1,10,1;7,1,1;9,3,1;9,1,1;10,1,1;10,3,1;5,10,1;9,10,1|83,85,80,87,98,74,97,93
1851|9,10,1;10,10,1;8,10,1;5,7,1;5,6,1;8,9,1;10,7,1;6,5,1;2,1,1|85,91,71,73,96,77,97,77
1852|2,1,1;1,1,1;1,10,1;3,8,1;5,10,1;5,8,1;7,10,1;6,10,1;10,6,1|99,70,73,81,72,97,79,88
1853|10,6,1;6,10,1;1,10,1;7,1,1;10,1,1;10,5,1;2,7,1;2,9,1;5,6,1|89,97,82,92,77,71,81,99
1854|5,6,1;1,10,1;10,1,1;6,3,1;6,2,1;10,6,1;10,2,1;9,3,1;9,4,1|82,95,87,76,84,74,83,74
1855|9,4,1;6,1,1;1,6,1;1,10,1;6,3,1;5,3,1;2,6,1;6,10,1|83,93,93,92,81,71,99
1856|9,6,1;9,10,1;1,8,1;8,9,1;3,9,1;2,10,1;1,9,1;1,10,1|81,80,96,75,97,99,91
1857|1,10,1;10,7,1;1,4,1;6,4,1;6,9,1;8,7,1;9,7,1;7,9,1;8,10,1|75,89,90,96,72,73,84,74
1858|3,1,1;1,3,1;9,1,1;10,2,1;9,2,1;8,1,1;7,2,1;6,1,1|94,94,99,80,73,78,97
1859|6,1,1;1,1,1;4,10,1;10,1,1;7,1,1;9,3,1;9,4,1;5,2,1;6,3,1|88,84,73,95,93,77,98,81
1860|6,3,1;4,1,1;1,4,1;7,1,1;2,6,1;6,10,1;10,10,1;5,5,1;4,5,1|71,98,81,87,88,71,99,70
1861|4,5,1;1,8,1;1,10,1;10,4,1;10,5,1;6,9,1;9,9,1;9,7,1;8,8,1|75,85,94,83,99,80,86,75
1862|8,8,1;4,10,1;4,9,1;3,10,1;1,8,1;1,1,1;10,1,1;10,10,1;5,10,1|91,80,72,84,75,85,91,75
1863|1,10,1;4,1,1;8,3,1;10,5,1;10,2,1;8,4,1;10,6,1;10,10,1;8,10,1|76,81,72,79,84,98,86,75
1864|2,10,1;5,1,1;1,1,1;5,3,1;5,6,1;1,10,1;1,8,1;2,8,1;4,6,1|80,98,97,76,78,79,93,85
1865|4,6,1;1,9,1;3,5,1;2,6,1;2,7,1;5,10,1;10,10,1;3,9,1|98,77,87,88,99,85,72
1866|3,9,1;1,5,1;1,1,1;2,2,1;2,1,1;10,5,1;6,1,1;10,1,1;9,2,1|74,85,89,77,92,87,93,72
1867|9,2,1;1,4,1;10,7,1;1,1,1;10,10,1;4,8,1;2,6,1;3,5,1;1,3,1|93,79,84,85,80,92,82,91
1868|1,10,1;7,1,1;3,7,1;6,4,1;6,3,1;4,1,1;4,3,1;5,4,1|93,92,84,93,82,87,79
1869|5,4,1;2,1,1;1,1,1;10,4,1;6,4,1;6,1,1;10,1,1;8,3,1;8,2,1|70,80,92,97,89,85,93,75
1870|2,2,1;1,1,1;1,10,1;10,4,1;2,8,1;2,7,1;10,3,1;10,1,1|79,99,91,87,87,92,90
1871|10,1,1;1,1,1;4,10,1;6,8,1;3,8,1;5,10,1;10,5,1;7,2,1|94,82,95,75,79,93,94
1872|7,2,1;7,1,1;10,1,1;7,10,1;6,9,1;2,9,1;2,6,1;4,8,1;9,3,1|88,96,92,89,91,85,75,83
1873|9,3,1;7,1,1;10,4,1;10,1,1;8,1,1;9,2,1;5,6,1;3,6,1;7,2,1|94,81,93,79,86,83,71,93
1874|7,2,1;1,10,1;7,3,1;10,6,1;6,10,1;2,10,1;7,5,1;7,8,1;6,7,1|75,71,89,92,79,95,77,83
1875|6,7,1;10,3,1;10,1,1;1,1,1;1,10,1;5,2,1;2,5,1;5,5,1;5,3,1|73,93,89,90,96,76,73,77
1876|5,3,1;5,1,1;1,5,1;6,10,1;10,4,1;7,7,1;7,5,1;8,5,1;10,7,1|81,88,97,79,98,70,71,89
1877|10,7,1;10,10,1;1,7,1;5,9,1;5,6,1;10,1,1;10,6,1;5,1,1;2,1,1|87,92,73,78,96,80,74,98
1878|2,1,1;1,6,1;1,10,1;10,1,1;3,2,1;3,7,1;2,8,1;4,10,1;4,8,1;5,7,1|73,81,70,77,87,71,80,76,72
1879|5,7,1;10,2,1;9,1,1;1,5,1;1,10,1;10,7,1;10,3,1;9,4,1;6,1,1|86,99,96,93,81,71,70,77
1880|6,1,1;1,1,1;1,10,1;10,1,1;5,7,1;2,10,1;6,8,1;5,8,1;5,9,1|73,97,73,72,79,99,77,71
1881|5,9,1;1,9,1;1,1,1;10,7,1;7,10,1;7,8,1;2,3,1;4,1,1;9,6,1|86,79,85,83,79,72,91,90
1882|1,3,1;1,1,1;10,10,1;1,7,1;6,7,1;3,10,1;1,8,1;1,10,1;2,10,1|97,86,96,74,74,92,73,86
1883|2,10,1;1,10,1;3,10,1;4,9,1;2,7,1;3,7,1;2,6,1;7,1,1;10,10,1|96,94,72,86,77,78,89,74
1884|10,10,1;10,9,1;2,1,1;1,2,1;1,10,1;3,10,1;2,9,1;5,6,1;6,6,1|71,91,94,89,77,77,81,88
1885|8,1,1;10,1,1;7,1,1;9,3,1;9,5,1;4,10,1;1,10,1;6,5,1;10,9,1|73,97,79,81,84,77,77,70
1886|8,6,1;3,1,1;6,10,1;1,5,1;1,1,1;2,1,1;4,7,1;7,10,1;10,7,1|92,72,95,95,99,73,85,79
1887|10,7,1;7,10,1;10,10,1;1,1,1;4,10,1;6,8,1;6,10,1;5,10,1;2,7,1|92,83,75,79,77,95,94,76
1888|10,10,1;8,6,1;10,8,1;9,8,1;10,7,1;8,5,1;6,5,1;1,10,1|94,95,70,76,95,99,77
1889|1,10,1;2,10,1;2,6,1;7,1,1;10,10,1;8,10,1;8,9,1;10,7,1|80,71,99,98,84,96,97
1890|10,7,1;1,4,1;1,1,1;7,10,1;2,5,1;1,5,1;1,10,1;6,10,1;2,6,1|97,81,71,91,85,78,90,94
1891|2,6,1;1,7,1;1,10,1;5,8,1;5,7,1;6,7,1;6,6,1;1,1,1;7,3,1|77,93,78,93,74,92,88,75
1892|7,3,1;10,6,1;4,1,1;1,1,1;3,3,1;4,10,1;4,7,1;7,10,1;5,10,1|82,79,82,80,72,95,93,79
1893|5,10,1;1,6,1;1,1,1;10,1,1;4,2,1;2,10,1;1,10,1;1,7,1;3,5,1|74,73,83,89,70,82,86,72
1894|3,5,1;1,3,1;3,1,1;1,1,1;1,2,1;3,2,1;6,5,1;6,6,1;3,3,1|98,83,93,97,87,70,93,72
1895|3,3,1;1,5,1;1,10,1;10,10,1;7,1,1;7,6,1;10,6,1;8,4,1;10,4,1|99,84,80,94,90,70,72,95
1896|10,4,1;7,1,1;7,10,1;6,5,1;2,1,1;1,2,1;2,2,1;6,6,1;6,9,1|82,82,83,76,92,77,96,71
1897|6,9,1;6,10,1;10,6,1;5,1,1;10,1,1;4,10,1;5,10,1;5,7,1|97,98,77,99,92,84,96
1898|5,7,1;1,3,1;1,1,1;10,4,1;7,1,1;5,3,1;4,3,1;6,7,1|78,86,96,87,93,86,86
1899|6,7,1;6,10,1;1,5,1;1,1,1;10,4,1;4,7,1;1,10,1;5,10,1;4,9,1|88,78,85,70,88,74,73,83
1900|4,9,1;1,6,1;6,1,1;1,1,1;10,4,1;1,7,1;1,10,1;3,10,1;2,9,1|91,87,93,72,94,89,89,81
1901|2,9,1;1,10,1;4,1,1;1,1,1;1,3,1;2,2,1;6,10,1;2,6,1;3,5,1|92,96,79,74,81,79,70,88
1902|3,5,1;8,10,1;10,10,1;7,1,1;10,1,1;8,7,1;10,9,1;10,8,1|98,87,88,86,91,94,90
1903|10,8,1;9,1,1;1,1,1;4,4,1;4,3,1;3,2,1;3,4,1;2,3,1;2,5,1|95,81,72,90,80,78,91,93
1904|2,5,1;1,4,1;4,1,1;10,10,1;1,7,1;1,5,1;5,1,1;10,1,1;10,6,1|84,96,72,85,89,97,71,97
1905|10,6,1;5,1,1;1,5,1;1,1,1;2,2,1;3,1,1;3,2,1;4,1,1|92,96,92,84,94,70,96
1906|4,1,1;5,2,1;7,6,1;7,5,1;6,6,1;6,4,1;8,2,1;9,2,1;9,5,1|77,80,97,80,82,91,89,70
1907|9,5,1;10,6,1;6,10,1;1,5,1;1,10,1;4,1,1;10,5,1;5,10,1;4,9,1|80,71,91,86,76,77,95,75
1908|4,9,1;8,1,1;10,1,1;10,2,1;2,10,1;1,3,1;8,3,1;3,8,1;3,4,1|99,81,75,95,80,85,86,78
1909|3,4,1;6,1,1;1,1,1;3,5,1;3,10,1;1,10,1;1,8,1;2,7,1|92,80,86,91,87,95,95
1910|2,7,1;1,1,1;1,10,1;10,1,1;3,1,1;6,10,1;10,10,1;8,2,1;4,6,1|84,87,86,74,88,71,89,82
1911|4,6,1;1,9,1;1,1,1;10,1,1;7,10,1;9,2,1;3,6,1;2,5,1;2,2,1|96,95,82,84,89,89,79,77
1912|2,2,1;10,10,1;4,5,1;1,5,1;1,10,1;3,10,1;3,6,1;2,7,1;2,6,1|82,92,76,83,85,87,87,91
1913|2,6,1;1,5,1;1,10,1;4,1,1;4,6,1;3,6,1;3,7,1;6,10,1;10,10,1|84,74,80,84,90,89,81,77
1914|10,10,1;7,1,1;10,1,1;7,10,1;7,8,1;5,10,1;5,6,1;1,2,1;1,1,1|90,77,97,97,86,70,83,72
1915|1,1,1;2,2,1;6,10,1;1,10,1;1,8,1;2,9,1;6,9,1;7,8,1;2,8,1|72,89,80,85,93,71,81,90
1916|1,10,1;1,9,1;10,3,1;8,1,1;4,5,1;1,2,1;2,1,1;1,1,1;4,4,1|80,86,85,84,72,89,96,74
1917|4,4,1;1,7,1;1,10,1;10,1,1;5,7,1;5,10,1;4,9,1;4,10,1;2,10,1|73,74,95,98,82,88,83,97
1918|2,10,1;5,1,1;10,6,1;6,10,1;3,7,1;8,7,1;8,5,1;4,1,1;1,4,1|72,85,75,98,90,92,84,82
1919|10,6,1;6,10,1;8,6,1;7,7,1;7,8,1;9,10,1;10,9,1;10,10,1;9,9,1|72,71,93,97,79,85,76,88
1920|9,9,1;9,10,1;10,9,1;8,1,1;7,2,1;6,1,1;7,1,1;6,2,1;5,1,1|89,87,79,84,83,79,85,86
1921|1,2,1;10,5,1;10,10,1;7,1,1;3,3,1;4,2,1;4,3,1;2,5,1|88,95,93,72,96,83,94
1922|2,5,1;8,1,1;1,2,1;1,1,1;4,4,1;1,4,1;3,2,1;7,2,1|92,73,99,95,97,91,88
1923|7,2,1;6,1,1;1,6,1;1,10,1;10,10,1;7,1,1;10,1,1;10,3,1;9,2,1|72,88,99,70,73,75,92,94
1924|9,2,1;9,10,1;10,10,1;10,1,1;1,7,1;1,10,1;7,2,1;5,2,1;6,3,1|89,94,92,74,86,82,73,77
1925|6,3,1;6,1,1;1,1,1;1,10,1;10,7,1;10,10,1;8,10,1;4,2,1;4,5,1|88,93,97,89,82,98,70,79
1926|2,9,1;1,9,1;7,1,1;10,4,1;10,1,1;8,1,1;9,2,1;3,10,1;1,10,1|83,97,90,75,75,88,70,79
1927|9,9,1;7,1,1;8,6,1;8,10,1;5,1,1;6,1,1;1,2,1;1,10,1;2,5,1|83,79,81,78,84,81,80,86
1928|2,5,1;2,10,1;10,10,1;7,1,1;7,6,1;10,6,1;9,7,1;9,8,1;10,8,1|88,98,90,90,87,71,79,92
1929|10,8,1;8,10,1;8,1,1;10,1,1;9,6,1;9,8,1;10,9,1;9,10,1;10,10,1|83,93,92,84,91,80,79,74
1930|10,10,1;7,1,1;7,6,1;6,1,1;6,5,1;3,5,1;5,3,1;3,1,1;1,3,1|93,71,88,90,79,91,86,71
1931|1,3,1;2,4,1;4,8,1;4,7,1;6,5,1;6,4,1;5,5,1;5,4,1;3,6,1|88,86,73,73,79,87,88,70
1932|3,6,1;8,1,1;10,1,1;7,10,1;7,3,1;5,1,1;5,3,1;1,7,1;1,10,1|79,78,87,74,97,89,77,92
1933|1,10,1;1,1,1;2,7,1;2,3,1;4,1,1;4,3,1;3,4,1;3,6,1;5,6,1|89,70,88,95,98,82,77,77
1934|5,6,1;1,6,1;6,1,1;10,1,1;6,5,1;10,5,1;10,2,1;8,4,1;5,1,1|77,75,82,94,97,90,88,80
1935|5,1,1;1,1,1;10,10,1;5,4,1;1,8,1;9,10,1;1,10,1;2,9,1;7,9,1|74,72,87,76,79,95,78,89
1936|7,9,1;6,10,1;10,8,1;8,4,1;9,4,1;7,6,1;10,9,1;10,10,1;7,10,1|79,73,74,86,92,99,92,72
1937|5,10,1;8,1,1;10,9,1;10,1,1;9,1,1;6,10,1;10,10,1;9,9,1;8,9,1|98,89,93,70,85,78,87,84
1938|8,9,1;7,10,1;1,1,1;1,10,1;3,8,1;5,10,1;6,10,1;3,7,1;10,2,1|90,76,91,83,81,99,71,99
1939|10,1,1;1,4,1;1,1,1;9,1,1;1,5,1;4,2,1;5,3,1;6,2,1;6,3,1|90,72,87,78,84,86,87,81
1940|6,3,1;10,7,1;10,10,1;1,10,1;1,1,1;9,9,1;9,7,1;8,7,1;6,9,1|75,81,97,79,80,88,98,78
1941|6,9,1;10,9,1;6,1,1;6,4,1;10,4,1;7,1,1;7,3,1;8,3,1|94,81,86,90,95,97,92
1942|8,3,1;10,1,1;7,10,1;10,10,1;10,8,1;9,9,1;3,1,1;8,7,1;4,3,1|82,82,77,71,87,77,82,75
1943|4,3,1;8,1,1;3,2,1;1,2,1;5,10,1;1,6,1;4,6,1;1,3,1;1,5,1|82,77,92,75,89,74,85,88
1944|1,5,1;1,1,1;10,10,1;8,4,1;8,1,1;10,1,1;9,2,1;10,2,1;10,3,1|92,81,86,86,99,94,70,72
1945|10,2,1;9,1,1;1,9,1;8,10,1;10,8,1;7,5,1;7,8,1;10,5,1;8,5,1|75,94,94,98,71,80,71,70
1946|8,5,1;8,10,1;1,9,1;5,1,1;1,5,1;1,8,1;7,1,1;10,1,1;9,8,1|93,95,95,77,73,86,84,83
1947|9,8,1;9,10,1;10,10,1;10,1,1;1,7,1;4,10,1;9,5,1;9,7,1;8,7,1|76,77,73,95,84,90,75,90
1948|8,7,1;1,1,1;10,10,1;10,1,1;7,4,1;6,4,1;9,7,1;9,8,1;7,10,1|77,79,83,85,85,95,73,75
1949|7,10,1;10,7,1;1,4,1;6,9,1;5,10,1;1,6,1;1,5,1;6,10,1;10,6,1|70,86,78,87,73,81,83,83
1950|10,6,1;10,10,1;7,1,1;7,6,1;9,8,1;9,6,1;8,5,1;8,3,1;10,5,1|89,74,77,97,77,87,70,81
1951|10,5,1;10,10,1;1,10,1;4,1,1;10,4,1;8,2,1;9,2,1;8,3,1;9,9,1|95,83,94,70,98,85,85,89
1952|9,9,1;3,1,1;1,3,1;7,8,1;9,10,1;10,9,1;6,1,1;4,1,1|96,78,99,98,89,93,73
1953|6,10,1;1,5,1;1,10,1;5,10,1;2,7,1;10,1,1;7,4,1;4,7,1;9,7,1|93,73,77,88,73,91,73,81
1954|1,10,1;10,1,1;6,7,1;6,2,1;10,6,1;8,6,1;10,8,1;10,7,1;8,9,1|99,76,97,76,89,80,80,86
1955|8,9,1;10,9,1;4,10,1;7,1,1;5,3,1;7,5,1;8,4,1;7,3,1;7,2,1|80,85,93,97,71,99,70,90
1956|7,2,1;6,1,1;1,1,1;1,10,1;10,4,1;7,1,1;10,1,1;8,3,1;3,2,1|93,98,72,86,79,90,75,88
1957|3,2,1;9,1,1;10,2,1;10,10,1;9,5,1;3,3,1;1,1,1;2,6,1;2,10,1|86,71,97,77,87,82,88,88
1958|2,2,1;4,10,1;1,10,1;10,1,1;4,6,1;3,7,1;6,10,1;5,10,1;10,5,1|91,90,72,75,95,87,94,72
1959|10,5,1;6,1,1;3,10,1;1,8,1;4,8,1;5,7,1;1,3,1;5,3,1;5,1,1|78,82,97,91,78,76,78,79
1960|5,1,1;10,1,1;7,10,1;7,8,1;10,8,1;10,10,1;9,9,1;8,9,1|93,82,85,98,97,75,77
1961|8,9,1;4,1,1;1,1,1;10,10,1;7,1,1;10,1,1;6,5,1;6,1,1;5,1,1|83,79,77,78,78,90,80,76
1962|5,1,1;1,5,1;5,3,1;4,3,1;6,1,1;10,5,1;8,5,1;10,7,1|81,93,97,85,92,82,97
1963|10,7,1;8,3,1;10,5,1;9,5,1;10,4,1;8,2,1;6,2,1;1,7,1|88,93,95,82,84,97,78
1964|1,7,1;1,10,1;10,1,1;10,10,1;4,8,1;5,9,1;9,5,1;9,3,1;7,1,1|93,71,94,75,81,72,81,76
1965|7,1,1;10,4,1;9,5,1;5,1,1;1,1,1;6,6,1;2,10,1;3,10,1;1,8,1|76,82,87,87,71,88,88,98
1966|1,8,1;1,10,1;10,7,1;5,6,1;5,2,1;6,3,1;7,2,1;7,3,1;6,4,1|77,73,80,87,88,70,96,92
1967|6,4,1;1,4,1;10,4,1;7,1,1;3,3,1;4,2,1;3,2,1;2,3,1;1,3,1|71,98,90,85,73,94,91,97
1968|1,3,1;1,10,1;10,10,1;1,1,1;1,2,1;8,9,1;10,7,1;8,7,1;7,6,1|81,82,99,70,73,94,94,84
1969|8,9,1;7,10,1;7,9,1;3,7,1;2,7,1;10,1,1;9,8,1;8,8,1;10,10,1|79,74,87,83,85,71,77,97
1970|10,10,1;7,1,1;10,1,1;10,3,1;9,2,1;9,3,1;8,2,1;8,3,1;6,1,1|74,74,88,81,94,73,83,76
1971|6,1,1;10,1,1;10,10,1;1,10,1;6,4,1;6,2,1;5,3,1;1,3,1;3,1,1|74,73,87,75,92,95,86,90
1972|10,1,1;1,4,1;9,2,1;10,2,1;8,2,1;7,3,1;9,5,1;9,6,1;8,5,1|97,79,98,80,72,91,81,75
1973|8,5,1;1,5,1;1,1,1;4,4,1;7,1,1;10,4,1;10,1,1;7,4,1;9,4,1;10,9,1|73,73,81,78,71,91,83,78,71
1974|2,1,1;6,3,1;7,3,1;7,5,1;2,10,1;8,8,1;10,6,1;10,1,1;9,2,1|83,82,89,94,83,77,91,79
1975|1,2,1;2,2,1;7,1,1;10,1,1;10,10,1;9,9,1;2,10,1;1,10,1;1,9,1|97,72,83,71,91,92,75,99
1976|1,9,1;2,10,1;1,5,1;1,1,1;5,3,1;2,3,1;2,2,1;5,2,1;6,3,1|82,77,94,78,88,91,91,84
1977|6,3,1;10,3,1;8,1,1;7,2,1;6,1,1;1,1,1;1,10,1;10,7,1;10,10,1|85,75,96,71,84,81,72,74
1978|10,10,1;1,7,1;1,10,1;3,4,1;6,1,1;1,1,1;3,3,1;4,2,1;3,2,1|99,75,70,91,88,91,90,77
1979|3,2,1;4,1,1;10,10,1;9,10,1;5,6,1;5,9,1;6,8,1;6,9,1;7,9,1|92,98,84,89,81,78,99,74
1980|7,9,1;10,6,1;5,1,1;2,10,1;8,9,1;9,10,1;10,10,1;10,7,1;9,8,1|93,78,81,79,97,79,81,93
1981|7,1,1;1,10,1;2,5,1;2,2,1;6,8,1;6,7,1;10,3,1;8,1,1;8,4,1|84,79,86,89,99,90,79,76
1982|8,4,1;10,4,1;10,1,1;1,7,1;5,7,1;2,10,1;2,8,1;1,9,1;1,10,1|75,90,88,82,95,74,96,78
1983|1,10,1;10,7,1;5,7,1;10,2,1;4,6,1;1,3,1;3,1,1;1,1,1|95,74,95,88,96,88,84
1984|2,1,1;10,3,1;5,10,1;10,10,1;4,2,1;8,2,1;10,4,1;10,9,1;8,7,1|92,78,83,72,97,80,71,97
1985|8,7,1;10,5,1;6,1,1;1,6,1;5,10,1;3,6,1;4,7,1;4,8,1;2,10,1|73,79,77,78,71,91,79,96
1986|2,10,1;1,10,1;4,1,1;7,10,1;3,10,1;7,6,1;4,3,1;5,3,1;3,1,1|84,88,92,78,81,90,92,72
1987|3,1,1;1,1,1;7,10,1;10,10,1;8,8,1;10,8,1;10,1,1;9,6,1|81,87,79,99,84,99,98
1988|9,6,1;9,10,1;1,8,1;2,7,1;8,8,1;3,3,1;5,1,1;10,6,1;10,10,1|75,93,86,70,87,96,86,90
1989|10,10,1;1,7,1;7,9,1;6,8,1;6,9,1;5,8,1;3,8,1;1,10,1;3,10,1|92,72,87,76,78,88,76,87
1990|3,10,1;10,9,1;10,1,1;1,10,1;1,1,1;9,1,1;2,8,1;4,10,1;8,6,1|83,99,90,82,75,83,99,86
1991|10,3,1;8,1,1;10,1,1;10,2,1;10,4,1;9,4,1;6,7,1;9,7,1;9,5,1|98,82,80,89,89,88,85,87
1992|9,5,1;9,1,1;10,2,1;4,10,1;10,9,1;5,9,1;7,7,1;8,8,1;8,7,1|81,87,93,94,96,76,90,76
1993|8,7,1;8,10,1;1,3,1;1,1,1;10,4,1;9,10,1;9,6,1;4,1,1;10,3,1|71,92,78,86,71,99,88,86
1994|10,3,1;1,6,1;6,6,1;10,10,1;8,6,1;8,7,1;9,6,1;9,8,1;7,10,1|82,73,91,94,70,97,91,72
1995|1,10,1;4,1,1;1,1,1;1,3,1;2,2,1;7,9,1;7,8,1;9,10,1;10,10,1|94,77,76,92,81,73,77,82
1996|10,10,1;1,7,1;1,10,1;5,4,1;2,1,1;1,2,1;2,2,1;3,3,1;3,4,1|78,79,93,91,78,88,78,82
1997|3,4,1;3,1,1;4,1,1;8,5,1;3,10,1;7,8,1;6,8,1;1,3,1|95,99,92,98,91,77,91
1998|1,10,1;1,1,1;4,10,1;2,8,1;5,8,1;2,5,1;2,2,1;6,6,1;5,7,1|73,77,80,84,87,73,88,87
1999|5,7,1;2,10,1;1,5,1;1,1,1;7,10,1;3,10,1;5,4,1;6,5,1;7,5,1|86,70,77,93,88,78,88,82
2000|7,5,1;3,1,1;1,1,1;4,10,1;4,5,1;9,10,1;10,9,1;8,1,1;9,7,1|96,76,92,94,78,76,72,87
