path_num|points|times
1|-4,-4,1;-1,2,1;0,0,1;,2,-3,1;-4,4,1;-2,-1,1;2,4,1|140,63,78,95,102,126,94
2|2,4,1;,0,-2,1;-1,-4,1;-3,0,1;,1,-4,1;-4,-2,1|142,93,132,77,133,81
3|-4,-2,1;,1,-4,1;3,2,1;,4,-4,1;0,0,1;-4,-3,1;2,2,1|77,113,120,117,77,77,78
4|2,2,1;,0,-2,1;1,2,1;2,1,1;-4,3,1;,3,-3,1;-4,-2,1|73,66,71,84,73,149,140
5|-4,-2,1;0,2,1;-1,4,1;-2,-1,1;-1,0,1;,0,-2,1;1,2,1|99,66,108,82,86,119,68
6|1,2,1;-2,4,1;,2,-3,1;1,4,1;-2,1,1;,3,-1,1;-4,-3,1|60,73,148,82,90,106,129
7|-4,-3,1;,3,-1,1;-4,1,1;,2,-3,1;-1,-2,1;1,4,1|100,82,89,139,97,128
8|1,4,1;,4,-4,1;-3,2,1;2,1,1;,4,-1,1;1,0,1|146,117,131,119,68,73
9|1,0,1;0,1,1;-4,2,1;,1,-3,1;-3,2,1;2,1,1;-2,2,1|138,85,62,108,114,65,67
10|-2,2,1;4,1,1;-3,-3,1;-4,0,1;-2,1,1;-3,-4,1|119,98,92,144,132,64
11|-3,-4,1;-4,3,1;,2,-4,1;,1,-2,1;-3,-1,1;,3,-4,1|130,70,142,70,136,118
12|3,-4,1;-3,2,1;4,4,1;-2,-2,1;1,2,1;4,0,1;,3,-3,1|61,71,96,91,96,147,64
13|3,-3,1;,0,-2,1;2,3,1;4,1,1;-4,-1,1|138,108,145,89,106
14|-4,-1,1;,1,-3,1;-2,-4,1;4,0,1;,3,-1,1;0,1,1|69,123,97,80,118,111
15|0,1,1;3,2,1;-1,0,1;-3,-2,1;,1,-4,1;3,4,1|136,73,115,133,126,96
16|3,4,1;-1,3,1;,0,-2,1;2,2,1;-1,-4,1;-3,2,1|130,73,106,71,145,139
17|-3,2,1;3,4,1;,2,-4,1;,0,-3,1;-1,4,1;-3,0,1|91,92,143,74,129,115
18|-3,0,1;-2,4,1;-1,3,1;-4,2,1;3,3,1;-3,2,1;-2,-4,1|85,62,77,92,112,108,131
19|-2,-4,1;3,2,1;4,0,1;,0,-2,1;-4,0,1;,4,-3,1|68,129,108,132,94,122
20|4,-3,1;2,0,1;4,3,1;-4,4,1;-1,3,1;0,2,1|61,62,106,120,147,107
21|0,2,1;-4,-4,1;,2,-3,1;1,0,1;-4,3,1;-1,2,1;0,4,1|112,101,120,65,100,61,117
22|0,4,1;,2,-4,1;,3,-2,1;2,1,1;-3,4,1;,1,-3,1;0,0,1|85,97,118,62,79,87,133
23|0,0,1;-4,1,1;,0,-2,1;-4,-3,1;-3,3,1;3,0,1;2,1,1|129,62,112,92,67,70,75
24|2,1,1;3,4,1;-3,-4,1;2,4,1;0,2,1;4,1,1|113,145,98,95,118,65
25|4,1,1;-1,-2,1;-4,-1,1;,0,-2,1;,3,-4,1;-3,-3,1;-2,0,1|68,135,63,92,101,141,90
26|-2,0,1;-3,4,1;2,3,1;,1,-4,1;4,1,1|112,121,95,90,149
27|4,1,1;-1,-1,1;3,4,1;-1,-3,1;-4,-1,1;-3,1,1|95,93,136,136,134,89
28|-3,1,1;2,4,1;-4,-3,1;-2,3,1;-3,4,1;-1,-1,1|140,63,146,134,67,71
29|-1,-1,1;2,4,1;-1,0,1;-4,-4,1;2,3,1;-1,-3,1|105,120,85,130,104,62
30|-1,-3,1;4,4,1;,0,-4,1;,4,-3,1;3,0,1;-1,-2,1|143,103,90,74,133,133
31|-1,-2,1;0,1,1;-1,-1,1;2,0,1;-4,-3,1;,3,-1,1;,4,-3,1|90,69,84,74,118,96,110
32|4,-3,1;-2,-4,1;-1,-2,1;3,2,1;-4,-3,1;-2,4,1;,1,-1,1|79,102,71,131,77,62,118
33|1,-1,1;0,4,1;,1,-2,1;,0,-1,1;4,0,1|120,146,145,112,102
34|4,0,1;-1,-4,1;,2,-2,1;-4,-3,1;1,3,1;0,0,1|72,127,143,114,145,76
35|0,0,1;-1,-4,1;-2,4,1;,3,-2,1;,0,-1,1;-3,4,1;,2,-3,1|106,75,119,92,63,81,133
36|2,-3,1;,3,-4,1;-4,3,1;-1,0,1;-3,-2,1;-1,-3,1|104,88,115,88,126,120
37|-1,-3,1;1,3,1;-1,2,1;-3,-4,1;-1,1,1|149,65,121,140,90
38|-1,1,1;-3,-4,1;-1,-1,1;,4,-2,1;-1,-4,1;,2,-1,1|93,93,109,92,116,132
39|2,-1,1;0,2,1;,1,-3,1;,4,-1,1;0,3,1;-2,-4,1|105,138,100,64,97,106
40|-2,-4,1;-3,1,1;0,2,1;2,0,1;-4,-1,1;3,1,1|95,89,140,98,136,138
41|3,1,1;,1,-2,1;2,1,1;3,0,1;,0,-4,1;-1,1,1|103,87,111,84,136,118
42|-1,1,1;-3,2,1;-4,1,1;-2,0,1;,2,-4,1;-4,2,1|69,70,125,138,113,148
43|-4,2,1;3,4,1;2,1,1;-1,2,1;3,0,1;,1,-1,1;-3,1,1;2,4,1|101,62,73,77,61,88,92,129
44|2,4,1;,0,-1,1;-2,-4,1;-4,0,1;2,2,1;0,1,1|142,147,91,64,101,130
45|0,1,1;-4,-4,1;-2,-1,1;,2,-2,1;4,3,1;-3,0,1;,1,-2,1|96,74,91,70,90,69,149
46|1,-2,1;-1,-1,1;2,4,1;,4,-2,1;-2,4,1;0,2,1|144,63,91,149,97,104
47|0,2,1;-2,-3,1;-4,-4,1;-2,3,1;1,0,1|124,139,141,117,102
48|1,0,1;-3,-3,1;-2,4,1;4,2,1;-3,3,1;,0,-4,1;-2,-2,1|125,113,106,79,129,66,72
49|-2,-2,1;,4,-4,1;2,4,1;-4,3,1;-3,-1,1;-1,3,1|84,142,79,131,87,94
50|-1,3,1;-2,0,1;,4,-3,1;-4,-2,1;,0,-4,1|131,146,79,128,103
51|0,-4,1;2,1,1;,1,-2,1;3,4,1;-1,-2,1;0,2,1;,1,-4,1|134,94,60,94,85,104,77
52|1,-4,1;0,2,1;,2,-4,1;-4,0,1;-3,-1,1;-2,-2,1|148,92,132,73,98,108
53|-2,-2,1;,4,-4,1;2,3,1;0,1,1;3,2,1;1,0,1|140,137,70,106,87,138
54|1,0,1;3,1,1;,4,-1,1;,0,-2,1;-1,0,1;-2,3,1;-4,-4,1|77,138,87,72,102,63,79
55|-4,-4,1;4,4,1;1,3,1;3,4,1;,1,-2,1;-1,3,1|139,122,123,104,91,79
56|-1,3,1;1,2,1;-2,-1,1;2,2,1;-2,1,1;,4,-3,1|103,135,103,133,87,116
57|4,-3,1;-4,1,1;,4,-4,1;-3,4,1;-4,-1,1|107,145,127,102,145
58|-4,-1,1;-1,1,1;-4,-2,1;,4,-1,1;3,4,1;-4,2,1|107,81,81,110,125,76
59|-4,2,1;-1,-3,1;-4,0,1;-1,3,1;1,0,1|141,123,122,119,88
60|1,0,1;,0,-4,1;,1,-3,1;-1,-1,1;-3,3,1|86,126,143,127,148
61|-3,3,1;-2,-3,1;,3,-1,1;,2,-3,1;-4,1,1;,4,-3,1;-2,-2,1|67,71,141,83,69,126,107
62|-2,-2,1;,0,-3,1;3,3,1;-1,-1,1;-4,1,1;-1,-3,1|73,94,81,124,140,122
63|-1,-3,1;2,0,1;-4,4,1;-2,-3,1;2,2,1;,1,-1,1|84,145,112,67,74,112
64|1,-1,1;-1,3,1;2,0,1;-3,-1,1;,4,-4,1;-4,-1,1|69,112,131,96,149,78
65|-4,-1,1;-2,-2,1;,0,-3,1;-1,-1,1;-3,0,1;-1,-4,1|100,100,107,148,137,74
66|-1,-4,1;4,3,1;,1,-4,1;,4,-3,1;,1,-1,1;,2,-3,1;3,0,1|96,82,118,93,125,107,62
67|3,0,1;-1,-1,1;,4,-3,1;2,2,1;4,1,1;-1,4,1;-2,2,1|68,137,72,114,71,111,72
68|-2,2,1;1,0,1;-1,1,1;3,2,1;1,1,1;-2,3,1;-4,0,1|69,106,133,144,74,72,60
69|-4,0,1;4,1,1;,1,-2,1;4,3,1;-4,1,1;-1,4,1;,2,-4,1|119,60,86,85,142,97,94
70|2,-4,1;-3,2,1;-4,4,1;-3,1,1;,3,-1,1;,4,-2,1;-3,4,1|79,99,123,87,100,103,104
71|-3,4,1;,2,-2,1;1,2,1;-1,4,1;-4,3,1|67,132,143,146,113
72|-4,3,1;4,2,1;-2,4,1;,3,-2,1;-3,3,1|98,139,146,103,121
73|-3,3,1;-1,2,1;,1,-1,1;-2,0,1;-4,-2,1;-2,-4,1;,3,-2,1|119,76,120,83,110,92,94
74|3,-2,1;,0,-4,1;-2,1,1;-1,4,1;3,2,1;,2,-1,1;-3,-4,1|60,142,95,65,112,71,134
75|-3,-4,1;1,0,1;-1,-3,1;2,1,1;-1,0,1;,4,-3,1|63,122,129,128,61,108
76|4,-3,1;0,4,1;-3,-3,1;,4,-1,1;-3,-4,1;,1,-3,1|80,148,70,126,128,110
77|1,-3,1;,0,-2,1;4,2,1;-1,1,1;,3,-1,1;,0,-3,1|119,116,124,86,112,62
78|0,-3,1;-4,-4,1;,3,-3,1;0,0,1;-2,3,1;,1,-2,1|116,68,108,69,89,101
79|1,-2,1;,0,-1,1;3,3,1;,2,-1,1;,4,-2,1;-1,0,1;-3,3,1|89,101,93,121,88,64,75
80|-3,3,1;-4,1,1;,4,-4,1;,3,-1,1;1,2,1;,0,-3,1|109,96,130,119,70,85
81|0,-3,1;,3,-2,1;-3,-3,1;,4,-4,1;0,0,1;-1,-4,1;1,3,1|82,71,87,116,75,129,80
82|1,3,1;-2,-1,1;-4,1,1;2,4,1;,1,-1,1;,2,-3,1;0,3,1|80,113,89,141,76,79,73
83|0,3,1;-2,2,1;4,3,1;1,1,1;-1,-2,1;-2,4,1|85,112,102,91,75,148
84|-2,4,1;-4,0,1;-2,-4,1;1,0,1;-4,-3,1;,4,-4,1;2,4,1|142,139,72,106,70,89,66
85|2,4,1;1,1,1;,0,-4,1;-2,0,1;-3,-3,1;-2,-4,1;3,2,1|67,115,74,95,117,68,87
86|3,2,1;0,3,1;,2,-1,1;-4,-3,1;0,1,1;-1,-3,1|130,83,77,113,118,123
87|-1,-3,1;,4,-1,1;-4,0,1;1,1,1;-4,-4,1;-2,3,1;,0,-2,1|149,68,102,73,85,94,69
88|0,-2,1;,1,-4,1;3,0,1;4,3,1;,0,-4,1;,4,-1,1|112,131,143,88,142,76
89|4,-1,1;,2,-3,1;-2,-4,1;3,3,1;-2,2,1;-3,-1,1;2,4,1|85,82,109,120,113,94,62
90|2,4,1;-4,0,1;-1,-1,1;4,2,1;-1,-2,1;-4,4,1;-2,-3,1|69,77,132,89,129,92,100
91|-2,-3,1;1,0,1;-3,-2,1;4,0,1;,2,-2,1|102,99,149,148,133
92|2,-2,1;4,4,1;-4,-1,1;-3,-3,1;-4,-4,1;-2,-2,1|128,78,121,62,112,135
93|-2,-2,1;-4,-3,1;2,2,1;-2,3,1;-1,2,1;,3,-4,1;-4,2,1|117,85,88,108,92,71,136
94|-4,2,1;-2,-2,1;4,3,1;3,4,1;-4,-1,1;-2,4,1|132,102,126,132,101,90
95|-2,4,1;-3,3,1;,1,-4,1;-3,2,1;,3,-2,1|147,110,103,115,113
96|3,-2,1;,2,-3,1;-3,4,1;-2,3,1;,0,-2,1;,1,-3,1|63,130,143,95,133,92
97|1,-3,1;,4,-4,1;,0,-2,1;-2,0,1;,2,-3,1;0,2,1|120,130,92,93,94,87
98|0,2,1;,2,-3,1;1,2,1;-3,3,1;2,4,1;-4,2,1|125,116,62,124,101,129
99|-4,2,1;,1,-3,1;0,1,1;-3,2,1;2,0,1;,1,-1,1;3,1,1|80,69,127,135,73,98,88
100|3,1,1;,0,-4,1;4,2,1;-3,1,1;,0,-3,1;3,0,1|110,149,83,64,119,143
101|3,0,1;,0,-1,1;-4,3,1;2,4,1;-4,-3,1;,1,-4,1|138,74,136,66,76,76
102|1,-4,1;,4,-1,1;-1,4,1;-3,-4,1;4,1,1;2,0,1|123,123,114,116,69,71
103|2,0,1;1,4,1;,4,-4,1;3,3,1;-4,-3,1;-2,1,1|113,71,106,66,147,93
104|-2,1,1;,4,-3,1;0,0,1;,4,-2,1;,2,-4,1|139,118,122,107,101
105|2,-4,1;3,1,1;,1,-4,1;2,1,1;-3,0,1;,4,-4,1|70,100,105,139,105,69
106|4,-4,1;-1,0,1;,1,-4,1;-1,-3,1;-2,1,1|137,135,99,141,137
107|-2,1,1;0,3,1;3,4,1;2,0,1;1,4,1;3,2,1|64,134,128,148,73,136
108|3,2,1;-4,0,1;,1,-3,1;-3,3,1;3,0,1;-2,4,1;-3,-2,1;-4,-4,1|60,62,119,87,79,100,62,70
109|-4,-4,1;-1,0,1;-4,-1,1;4,2,1;-2,-2,1|119,135,82,126,142
110|-2,-2,1;1,4,1;4,3,1;-4,0,1;-2,-1,1;3,2,1|138,113,69,139,140,65
111|3,2,1;1,1,1;,3,-3,1;-1,4,1;4,1,1;1,2,1|72,114,64,149,147,101
112|1,2,1;-4,0,1;4,3,1;-4,1,1;1,4,1;-2,-1,1|127,71,88,86,87,141
113|-2,-1,1;-3,4,1;,3,-4,1;0,2,1;-4,4,1;,0,-1,1|134,121,117,68,62,148
114|0,-1,1;-2,4,1;-1,3,1;,2,-2,1;1,2,1|134,125,105,116,117
115|1,2,1;2,1,1;-4,2,1;-3,4,1;-2,0,1;,3,-1,1;-4,3,1|67,64,98,107,140,90,68
116|-4,3,1;2,4,1;4,3,1;1,0,1;-2,1,1;3,0,1|135,109,95,92,74,99
117|3,0,1;,2,-2,1;-1,3,1;,0,-2,1;-1,1,1;,2,-1,1|127,95,67,71,149,124
118|2,-1,1;-4,1,1;,1,-3,1;,2,-4,1;1,2,1;-3,3,1|62,88,62,138,129,83
119|-3,3,1;,4,-2,1;1,4,1;-1,-4,1;0,1,1;4,3,1|91,88,143,146,119,111
120|4,3,1;,3,-3,1;-2,1,1;4,0,1;-1,-2,1|112,148,90,149,122
121|-1,-2,1;-2,1,1;0,3,1;-2,-4,1;-3,-2,1;2,3,1|91,141,94,95,126,108
122|2,3,1;4,2,1;-2,-4,1;1,4,1;3,0,1;,2,-2,1|107,133,107,144,130,78
123|2,-2,1;1,3,1;-2,-4,1;-1,0,1;-2,4,1;0,3,1|88,93,139,113,64,90
124|0,3,1;1,1,1;-3,-1,1;-4,2,1;-3,3,1|127,143,103,124,75
125|-3,3,1;-1,-4,1;2,0,1;-1,3,1;,2,-4,1;,0,-1,1;-4,-4,1|80,81,147,84,76,83,101
126|-4,-4,1;-1,2,1;4,0,1;-2,1,1;2,4,1;-3,1,1|98,140,118,74,104,86
127|-3,1,1;,2,-4,1;-4,1,1;,2,-3,1;4,4,1;0,0,1|68,125,133,136,71,104
128|0,0,1;-3,-1,1;4,3,1;-2,2,1;-3,4,1;,4,-3,1|73,126,142,76,108,147
129|4,-3,1;2,1,1;,4,-2,1;3,3,1;-3,-3,1;-2,-2,1|86,132,109,73,73,100
130|-2,-2,1;3,3,1;4,1,1;3,2,1;0,3,1|135,108,144,111,126
131|0,3,1;,3,-2,1;-4,2,1;3,3,1;,4,-3,1;-3,-1,1|72,92,135,102,143,131
132|-3,-1,1;,3,-4,1;-4,-2,1;-2,-1,1;-1,1,1|147,117,146,131,138
133|-1,1,1;,0,-2,1;-3,3,1;,2,-2,1;-2,2,1;0,3,1|119,135,87,130,114,74
134|0,3,1;,2,-4,1;-2,4,1;-1,3,1;,0,-1,1;-1,4,1|144,95,130,84,127,81
135|-1,4,1;1,0,1;-3,-2,1;4,1,1;-3,-3,1;0,4,1;-2,3,1|110,70,91,86,126,66,120
136|-2,3,1;-4,2,1;-1,1,1;,3,-1,1;4,4,1|123,135,149,111,94
137|4,4,1;-3,-4,1;-1,3,1;,2,-4,1;,0,-1,1;-3,1,1;,2,-3,1|75,123,68,85,138,71,138
138|2,-3,1;4,4,1;-2,-4,1;2,0,1;,3,-3,1|135,148,87,107,112
139|3,-3,1;1,1,1;2,4,1;,0,-3,1;-3,-4,1|140,90,136,110,132
140|-3,-4,1;3,4,1;,0,-4,1;,3,-3,1;2,2,1;-3,-1,1|70,86,145,138,66,112
141|-3,-1,1;,4,-2,1;0,3,1;,1,-4,1;4,0,1;3,1,1|82,114,108,81,136,100
142|3,1,1;,1,-1,1;-3,-4,1;1,2,1;-1,0,1;1,4,1;,4,-1,1|60,117,90,124,82,92,103
143|4,-1,1;-2,0,1;-3,1,1;1,3,1;-3,-1,1;-2,4,1|115,75,141,109,136,118
144|-2,4,1;-1,1,1;-4,-2,1;3,2,1;0,1,1;-3,-4,1|111,74,106,118,123,148
145|-3,-4,1;1,1,1;,0,-3,1;,1,-1,1;3,4,1;,4,-1,1|144,118,111,75,120,121
146|4,-1,1;2,0,1;-3,-2,1;-2,-3,1;-4,2,1;3,3,1|108,68,108,61,94,146
147|3,3,1;,2,-4,1;,3,-1,1;-1,-3,1;-2,3,1;2,1,1|107,128,75,117,112,116
148|2,1,1;0,4,1;,2,-4,1;3,0,1;-3,1,1;-2,3,1|86,70,111,129,87,147
149|-2,3,1;3,4,1;1,2,1;-4,-1,1;3,2,1;-1,-1,1;0,3,1|67,128,69,76,102,112,104
150|0,3,1;4,4,1;-4,-2,1;4,2,1;1,3,1;,2,-4,1|86,122,90,143,78,146
151|2,-4,1;-2,-1,1;,4,-3,1;-3,3,1;-4,-3,1;-2,0,1;1,2,1;-1,-3,1|103,64,68,61,98,76,128,80
152|-1,-3,1;3,0,1;4,1,1;-2,0,1;3,2,1;-2,3,1|119,138,130,81,66,98
153|-2,3,1;1,4,1;-1,-4,1;4,1,1;-2,0,1;,2,-4,1|100,121,83,66,132,145
154|2,-4,1;-2,-3,1;2,1,1;-1,0,1;-3,-3,1|125,135,135,84,106
155|-3,-3,1;-4,3,1;-1,2,1;,2,-3,1;,4,-4,1;-2,4,1;0,2,1|81,76,86,132,120,93,101
156|0,2,1;-2,-4,1;1,0,1;2,4,1;,4,-2,1;,3,-3,1|97,103,142,78,144,134
157|3,-3,1;-3,4,1;,4,-1,1;0,4,1;-3,-2,1;-2,2,1;-1,-3,1|101,113,76,117,86,90,92
158|-1,-3,1;,2,-2,1;3,3,1;2,2,1;,0,-1,1;-3,4,1|145,109,89,67,103,110
159|-3,4,1;-1,3,1;-2,2,1;3,1,1;4,3,1|147,98,135,139,105
160|4,3,1;-3,-1,1;-2,-4,1;,2,-2,1;1,2,1;-3,0,1;,3,-3,1|87,65,76,112,60,147,136
161|3,-3,1;,2,-2,1;4,4,1;-1,2,1;,2,-1,1;-4,-3,1|112,77,139,71,148,89
162|-4,-3,1;1,2,1;,2,-4,1;-1,1,1;4,4,1;2,1,1|113,129,102,75,137,136
163|2,1,1;0,4,1;-2,1,1;-3,4,1;-1,-3,1;4,4,1|149,90,92,111,111,88
164|4,4,1;1,1,1;-3,4,1;-1,-1,1;0,1,1;3,4,1|67,115,92,147,94,87
165|3,4,1;-1,3,1;-3,0,1;,1,-3,1;-2,2,1;2,0,1|135,88,142,70,81,137
166|2,0,1;-1,1,1;-3,-2,1;-1,2,1;3,1,1;,1,-3,1|143,107,144,84,71,144
167|1,-3,1;4,1,1;-4,-2,1;-3,4,1;-2,-4,1;-3,-3,1|90,135,66,107,144,85
168|-3,-3,1;-1,-1,1;-3,2,1;0,1,1;,1,-1,1;,0,-4,1|77,142,96,68,143,61
169|0,-4,1;-4,3,1;,3,-3,1;-4,-2,1;,1,-1,1;,0,-3,1;,3,-2,1|110,72,93,139,148,75,62
170|3,-2,1;-3,-1,1;,1,-4,1;-4,0,1;4,4,1;-3,-4,1|89,141,85,131,114,98
171|-3,-4,1;-1,2,1;,4,-3,1;2,1,1;-3,2,1;3,4,1;1,2,1|103,102,124,108,65,87,72
172|1,2,1;-2,3,1;,2,-1,1;-1,1,1;0,2,1;3,4,1|146,132,103,94,94,112
173|3,4,1;-3,-4,1;-1,4,1;,3,-3,1;1,4,1;,2,-1,1|116,97,110,101,106,89
174|2,-1,1;-2,4,1;-4,0,1;-1,2,1;-3,-1,1|127,95,114,120,127
175|-3,-1,1;,2,-4,1;4,3,1;3,1,1;-4,-2,1;1,4,1;,4,-1,1|94,78,126,143,81,77,92
176|4,-1,1;-1,2,1;-3,4,1;2,3,1;-2,2,1;,4,-4,1|119,145,117,95,64,96
177|4,-4,1;-2,-1,1;,2,-2,1;4,4,1;3,0,1;0,4,1|140,96,96,132,104,111
178|0,4,1;,3,-2,1;-2,1,1;3,4,1;-4,1,1;-1,-4,1|140,71,147,79,122,88
179|-1,-4,1;4,1,1;-3,-4,1;-4,-1,1;-1,3,1;0,4,1|62,77,70,116,146,125
180|0,4,1;-2,1,1;,4,-4,1;-3,1,1;,0,-2,1;-3,4,1;-1,-4,1|115,70,105,72,69,105,144
181|-1,-4,1;,4,-2,1;-3,0,1;,0,-4,1;1,2,1|142,87,117,139,146
182|1,2,1;,4,-1,1;-3,-3,1;,2,-1,1;-3,2,1|114,139,149,67,149
183|-3,2,1;1,0,1;-4,-4,1;2,1,1;1,2,1|120,143,121,121,62
184|1,2,1;-4,3,1;,3,-4,1;,4,-2,1;-3,2,1;4,4,1;-2,-1,1|61,62,80,87,138,147,65
185|-2,-1,1;-4,0,1;2,2,1;,3,-3,1;-1,-1,1;-2,1,1|124,91,86,127,138,102
186|-2,1,1;0,2,1;,2,-3,1;,3,-2,1;2,1,1;,1,-4,1|88,117,131,133,103,61
187|1,-4,1;-4,-3,1;-1,-4,1;,3,-3,1;-4,-2,1;-3,3,1;-4,4,1|122,68,102,135,65,126,65
188|-4,4,1;,0,-4,1;1,3,1;,3,-4,1;4,1,1;,0,-2,1;-2,2,1|91,71,113,69,107,93,121
189|-2,2,1;4,3,1;3,0,1;-3,4,1;,0,-4,1;-2,3,1;,3,-4,1|120,83,106,114,65,126,64
190|3,-4,1;-4,-3,1;,2,-1,1;1,0,1;-1,-3,1;,1,-4,1;-3,2,1|117,79,121,83,142,66,67
191|-3,2,1;0,0,1;,3,-1,1;2,0,1;,3,-4,1;-1,4,1;2,2,1|117,60,106,92,81,113,103
192|2,2,1;-1,3,1;2,4,1;1,3,1;-1,2,1;-3,-1,1|120,149,79,104,73,111
193|-3,-1,1;-4,-4,1;0,1,1;-3,-2,1;,0,-4,1;-3,4,1;4,2,1|89,100,84,82,98,98,122
194|4,2,1;,2,-3,1;,4,-4,1;-1,3,1;-2,2,1;-4,1,1;-1,-3,1|95,62,141,82,69,69,132
195|-1,-3,1;-2,-4,1;2,2,1;4,1,1;-3,0,1;-4,1,1|140,131,69,125,107,74
196|-4,1,1;0,4,1;-2,1,1;-1,-2,1;-4,-4,1;-1,2,1;,3,-2,1|100,96,111,120,61,88,80
197|3,-2,1;-4,3,1;-1,-3,1;1,0,1;-4,-1,1;2,0,1;,1,-2,1|127,64,132,60,102,102,83
198|1,-2,1;-2,3,1;,3,-2,1;-2,1,1;3,2,1;,1,-1,1|134,115,77,128,98,90
199|1,-1,1;4,0,1;-4,4,1;-1,-4,1;3,4,1;1,3,1|99,148,87,78,92,132
200|1,3,1;-2,2,1;,2,-1,1;-2,-4,1;,1,-3,1;3,2,1|70,145,95,91,120,130
201|3,2,1;-1,-4,1;-3,0,1;-2,-1,1;-1,4,1;-4,0,1|130,65,114,84,145,117
202|-4,0,1;-3,4,1;-1,-4,1;-3,-2,1;-2,4,1;-3,3,1|140,84,141,124,117,90
203|-3,3,1;,0,-1,1;4,1,1;,0,-4,1;-2,-3,1;-1,3,1|60,138,78,133,63,128
204|-1,3,1;2,2,1;-2,0,1;0,4,1;1,2,1|147,79,142,114,93
205|1,2,1;2,0,1;4,4,1;-2,1,1;,0,-2,1;-3,4,1|140,86,63,74,127,115
206|-3,4,1;-4,-1,1;-1,0,1;-3,-2,1;4,1,1;3,3,1|61,70,98,138,132,125
207|3,3,1;-1,-1,1;0,1,1;,4,-2,1;-1,1,1;,1,-3,1;-3,4,1|132,97,90,89,95,87,103
208|-3,4,1;3,2,1;,2,-3,1;-2,-4,1;,4,-2,1;0,2,1|102,87,79,125,89,105
209|0,2,1;-1,-1,1;1,1,1;,0,-1,1;,1,-3,1;-4,3,1|116,93,99,120,73,148
210|-4,3,1;0,2,1;3,3,1;,0,-2,1;4,0,1;2,2,1|144,129,101,121,100,88
211|2,2,1;,4,-4,1;-3,2,1;,3,-1,1;-1,-2,1;-2,1,1|139,60,145,131,72,85
212|-2,1,1;-1,-3,1;-4,1,1;2,0,1;,0,-2,1|140,104,146,144,148
213|0,-2,1;-1,-1,1;3,3,1;,1,-4,1;-3,-3,1;-4,-4,1;,2,-3,1|74,68,85,141,113,72,110
214|2,-3,1;-3,2,1;-1,-2,1;,2,-1,1;3,3,1;-3,0,1|65,133,66,129,74,91
215|-3,0,1;0,1,1;4,0,1;-1,-1,1;-4,4,1;-1,0,1;2,3,1|72,107,104,91,133,61,66
216|2,3,1;-3,1,1;-4,-4,1;-1,0,1;-2,2,1;-3,-1,1|142,116,114,65,117,96
217|-3,-1,1;,1,-4,1;-1,-2,1;1,4,1;,2,-4,1;1,2,1|61,101,63,146,128,121
218|1,2,1;3,4,1;0,3,1;-3,4,1;-1,-2,1;-3,2,1|103,129,124,148,70,121
219|-3,2,1;,1,-3,1;,4,-4,1;1,1,1;-3,-3,1;,1,-1,1|139,94,124,67,138,136
220|1,-1,1;-3,2,1;-1,3,1;,4,-2,1;3,0,1;-4,1,1;,2,-4,1|78,76,135,90,99,146,63
221|2,-4,1;0,0,1;,2,-3,1;4,0,1;0,3,1;2,1,1|121,115,69,106,146,136
222|2,1,1;3,3,1;-3,-3,1;1,3,1;0,2,1|141,144,61,120,149
223|0,2,1;2,4,1;-2,0,1;,4,-4,1;,1,-2,1;-3,4,1;4,1,1|71,98,95,71,69,139,74
224|4,1,1;1,0,1;-2,2,1;4,3,1;-2,-2,1|127,118,72,149,135
225|-2,-2,1;-3,3,1;-4,-1,1;1,1,1;-4,-4,1;-3,-3,1;1,2,1|70,135,92,118,74,62,88
226|1,2,1;-4,-1,1;,0,-4,1;2,0,1;,4,-2,1|138,142,95,141,132
227|4,-2,1;-2,1,1;-1,-3,1;-3,-1,1;-1,-4,1;,1,-2,1|138,83,88,143,126,85
228|1,-2,1;-2,-4,1;2,4,1;-4,-1,1;1,1,1;,0,-4,1|104,70,98,69,142,143
229|0,-4,1;3,4,1;-4,1,1;-3,-4,1;3,3,1|129,130,136,137,97
230|3,3,1;2,1,1;,1,-2,1;4,3,1;,3,-3,1|148,131,140,138,70
231|3,-3,1;-3,4,1;-2,-3,1;-4,-2,1;1,4,1;-4,-1,1|100,79,111,135,97,125
232|-4,-1,1;0,3,1;2,1,1;,1,-2,1;,2,-4,1;-1,-3,1|77,125,147,134,83,129
233|-1,-3,1;0,2,1;,4,-3,1;-4,-4,1;-1,2,1;4,3,1|135,73,149,86,108,132
234|4,3,1;3,0,1;,0,-2,1;1,0,1;-3,2,1;-1,-3,1|67,99,144,97,139,76
235|-1,-3,1;,3,-4,1;2,4,1;-1,3,1;,4,-2,1;1,1,1|63,128,114,137,134,77
236|1,1,1;-4,-1,1;-3,0,1;,4,-4,1;,3,-1,1;,1,-3,1|124,65,129,108,123,75
237|1,-3,1;-3,2,1;,2,-2,1;3,3,1;,4,-2,1;1,0,1;,0,-3,1;-2,2,1|65,91,64,70,82,81,116,117
238|-2,2,1;,1,-3,1;3,4,1;,4,-2,1;-4,2,1|86,102,131,141,112
239|-4,2,1;-3,4,1;,0,-4,1;-2,-3,1;-3,2,1;,0,-2,1|95,90,139,138,116,63
240|0,-2,1;-2,-1,1;,2,-4,1;-1,3,1;,3,-4,1;-3,-3,1;-2,4,1|100,89,97,142,89,91,70
241|-2,4,1;,1,-2,1;-3,-3,1;-1,1,1;-2,0,1;-4,4,1|89,113,73,80,108,108
242|-4,4,1;-1,3,1;3,2,1;2,4,1;-1,-1,1;0,2,1;,4,-3,1|125,70,83,90,102,124,100
243|4,-3,1;-4,-4,1;-3,-1,1;,0,-4,1;3,3,1|134,112,147,75,132
244|3,3,1;-4,2,1;-2,-3,1;-4,4,1;3,0,1;-1,3,1|80,97,88,145,145,85
245|-1,3,1;-2,-1,1;-4,-2,1;2,3,1;4,1,1|141,85,130,123,140
246|4,1,1;-1,3,1;,2,-4,1;-1,-3,1;,1,-4,1;4,0,1|112,143,106,142,129,66
247|4,0,1;1,1,1;4,2,1;-3,-2,1;1,4,1;,0,-3,1;4,3,1|76,108,95,115,78,103,90
248|4,3,1;-3,2,1;,0,-4,1;4,2,1;-4,3,1|116,110,132,147,135
249|-4,3,1;-3,0,1;,1,-4,1;,2,-2,1;-4,0,1;,4,-1,1|140,124,87,83,100,146
250|4,-1,1;-3,0,1;,3,-4,1;-4,3,1;0,1,1;,4,-3,1;-3,1,1|109,73,97,126,63,88,79
251|-3,1,1;3,0,1;-4,4,1;,0,-4,1;2,3,1;3,1,1|103,139,131,118,84,121
252|3,1,1;-3,3,1;-4,-1,1;2,1,1;3,4,1;-3,2,1|147,101,109,94,114,106
253|-3,2,1;-4,-3,1;-3,-1,1;-1,0,1;-2,1,1;,2,-2,1|86,78,76,132,105,107
254|2,-2,1;-3,-4,1;3,1,1;-4,2,1;2,4,1|143,144,143,94,109
255|2,4,1;-3,-3,1;-1,-1,1;1,0,1;-2,4,1|146,119,79,121,131
256|-2,4,1;-1,-3,1;-2,1,1;-3,2,1;,4,-3,1|108,147,124,139,112
257|4,-3,1;-3,0,1;-1,-1,1;,2,-3,1;0,4,1;,3,-3,1|133,95,120,109,131,67
258|3,-3,1;-2,-2,1;2,4,1;-4,-4,1;4,4,1;2,0,1;-1,-3,1|66,112,104,128,62,129,71
259|-1,-3,1;,0,-1,1;3,3,1;,4,-2,1;-1,4,1;-4,-2,1;,1,-4,1;-4,-1,1|65,82,129,101,66,79,98,73
260|-4,-1,1;2,1,1;-1,-2,1;-3,-1,1;-1,-4,1|115,135,130,129,111
261|-1,-4,1;-4,4,1;1,0,1;,2,-3,1;-1,1,1;-2,3,1;3,1,1|87,85,107,91,116,72,88
262|3,1,1;-4,4,1;,4,-1,1;,3,-2,1;4,2,1;-3,-1,1|133,110,137,88,75,75
263|-3,-1,1;0,0,1;2,2,1;-2,-3,1;,1,-4,1;-2,1,1;-4,0,1|125,84,93,100,78,60,109
264|-4,0,1;,1,-4,1;-4,4,1;-1,1,1;-3,2,1;,2,-1,1|111,112,104,101,60,134
265|2,-1,1;-3,0,1;-4,1,1;-2,-2,1;4,2,1;-4,-3,1;2,4,1|82,102,104,73,104,95,130
266|2,4,1;-2,-3,1;2,1,1;,1,-4,1;-4,4,1;0,3,1|67,100,71,120,140,102
267|0,3,1;-3,-4,1;1,3,1;,0,-4,1;,1,-1,1;-2,2,1|137,145,108,147,89,73
268|-2,2,1;,2,-1,1;-3,3,1;,0,-3,1;-2,3,1;,1,-4,1|107,120,70,65,141,106
269|1,-4,1;-4,3,1;,2,-3,1;-1,3,1;-2,-1,1;,1,-3,1;,3,-4,1|72,100,71,98,64,83,104
270|3,-4,1;,2,-1,1;,4,-2,1;-3,2,1;2,4,1;-1,-3,1|94,67,119,149,139,118
271|-1,-3,1;,3,-4,1;-3,4,1;1,1,1;-4,-4,1;-1,4,1|146,139,63,95,106,114
272|-1,4,1;1,2,1;-4,-1,1;2,3,1;-2,1,1;-4,2,1;0,0,1|93,90,148,70,101,99,95
273|0,0,1;-3,-1,1;,0,-3,1;-1,-2,1;-2,0,1;-3,1,1|81,115,88,137,115,78
274|-3,1,1;,4,-3,1;1,0,1;-2,-1,1;-1,4,1|144,135,148,121,116
275|-1,4,1;4,3,1;,3,-3,1;1,4,1;,2,-4,1;-3,-3,1;0,1,1;-4,-3,1|70,79,87,74,125,81,66,81
276|-4,-3,1;3,1,1;4,4,1;-3,-2,1;,0,-4,1;-1,4,1|148,146,86,83,71,108
277|-1,4,1;,4,-1,1;-4,-4,1;0,1,1;-4,3,1;-2,1,1|116,63,100,116,147,107
278|-2,1,1;1,2,1;-2,-3,1;3,1,1;0,3,1;-2,0,1;-4,-2,1|62,84,120,101,69,141,118
279|-4,-2,1;4,1,1;-4,-4,1;-2,1,1;-3,0,1;,3,-2,1|94,106,146,117,105,65
280|3,-2,1;4,1,1;3,2,1;,4,-2,1;1,4,1;-1,-2,1|128,75,136,125,111,113
281|-1,-2,1;-3,2,1;,4,-3,1;-1,-1,1;,3,-3,1;,2,-4,1|83,90,140,88,147,86
282|2,-4,1;1,0,1;-4,4,1;-1,0,1;,1,-1,1;,3,-3,1;2,1,1|60,67,119,86,149,93,78
283|2,1,1;-4,-4,1;,2,-2,1;1,0,1;,3,-2,1;-1,1,1;1,4,1|75,127,69,89,88,115,98
284|1,4,1;0,0,1;,3,-1,1;-4,2,1;,1,-4,1;-2,0,1;-3,-3,1|112,88,88,63,129,135,75
285|-3,-3,1;4,4,1;,1,-1,1;2,4,1;-1,1,1;-3,-4,1;-4,-3,1|76,79,140,79,104,86,135
286|-4,-3,1;3,0,1;2,2,1;,3,-2,1;1,3,1;-3,-1,1|89,96,134,131,123,106
287|-3,-1,1;,4,-4,1;2,4,1;-1,2,1;-3,0,1|147,143,146,125,98
288|-3,0,1;4,2,1;,1,-2,1;,0,-3,1;2,1,1;-2,-3,1|149,118,117,112,108,80
289|-2,-3,1;0,4,1;-2,3,1;-3,2,1;,1,-3,1;-1,1,1|68,127,142,95,61,111
290|-1,1,1;-4,-1,1;-2,0,1;-3,2,1;2,1,1;-3,3,1|117,122,136,84,108,77
291|-3,3,1;-4,4,1;-3,-4,1;,4,-2,1;-3,0,1;-1,3,1;,4,-4,1|93,72,139,66,98,70,88
292|4,-4,1;3,4,1;-4,-4,1;-3,4,1;-2,2,1;,2,-1,1;,1,-2,1;4,3,1|72,109,97,93,78,75,67,89
293|4,3,1;2,0,1;0,3,1;,3,-3,1;1,1,1|128,124,116,143,77
294|1,1,1;2,0,1;,1,-4,1;-4,4,1;,0,-2,1;-2,4,1|122,145,71,118,122,77
295|-2,4,1;-1,-3,1;-3,4,1;-2,-3,1;-4,-2,1;-2,2,1|90,87,140,145,121,90
296|-2,2,1;,3,-1,1;0,2,1;,4,-3,1;-3,4,1;-4,1,1|84,132,132,134,76,130
297|-4,1,1;-1,-1,1;4,2,1;-4,0,1;-1,3,1;,3,-4,1;,0,-3,1|135,70,132,89,72,103,63
298|0,-3,1;2,3,1;1,0,1;0,1,1;2,2,1|61,109,139,134,129
299|2,2,1;3,3,1;-1,-4,1;4,4,1;0,2,1;-1,3,1|140,127,78,80,141,62
300|-1,3,1;3,0,1;-3,3,1;-1,-1,1;,1,-2,1;0,1,1|107,114,136,120,97,64
301|0,1,1;,2,-3,1;,4,-1,1;0,2,1;,4,-2,1;-2,-1,1|101,138,69,101,141,63
302|-2,-1,1;-1,-2,1;4,4,1;0,2,1;4,0,1;1,4,1|90,99,142,105,110,133
303|1,4,1;4,2,1;,3,-1,1;1,0,1;-2,-3,1;-3,3,1;2,0,1|76,92,119,75,117,142,68
304|2,0,1;-4,-3,1;-3,2,1;0,0,1;-3,3,1;,2,-3,1;-3,4,1|80,124,64,82,74,119,93
305|-3,4,1;-4,3,1;-3,-2,1;0,4,1;3,0,1;-3,2,1|101,62,72,114,134,123
306|-3,2,1;4,1,1;2,2,1;3,4,1;0,1,1;-3,0,1;,3,-1,1|90,64,104,78,68,126,125
307|3,-1,1;1,2,1;-1,4,1;-3,2,1;,0,-1,1;4,0,1|93,144,73,86,106,85
308|4,0,1;-2,-2,1;0,0,1;2,3,1;-4,-3,1;-3,3,1|120,101,132,70,99,124
309|-3,3,1;0,2,1;1,3,1;,4,-3,1;-2,-2,1;,3,-1,1|128,77,70,144,94,89
310|3,-1,1;-2,-2,1;-4,-4,1;-3,-1,1;1,1,1;3,3,1|122,66,142,132,79,97
311|3,3,1;-2,-4,1;-3,-3,1;,3,-2,1;2,0,1;-1,-1,1|100,88,148,129,76,148
312|-1,-1,1;4,1,1;-4,2,1;1,1,1;-2,-1,1;-1,-4,1;,3,-3,1|78,66,112,119,88,147,75
313|3,-3,1;-4,0,1;0,2,1;-4,-2,1;3,0,1;-1,3,1|65,63,88,148,116,89
314|-1,3,1;-4,-1,1;-2,2,1;3,4,1;-3,-2,1;-2,-4,1;-4,4,1;,3,-4,1|78,80,102,66,69,73,105,106
315|3,-4,1;,0,-3,1;4,0,1;-1,-2,1;4,1,1;1,0,1|113,111,121,126,86,127
316|1,0,1;-3,2,1;,3,-2,1;-4,-4,1;3,4,1;-4,-3,1|149,109,79,124,63,115
317|-4,-3,1;2,4,1;-2,1,1;-1,-3,1;-2,-4,1;0,3,1|98,126,93,77,130,136
318|0,3,1;,2,-2,1;-3,2,1;4,1,1;,0,-1,1;-4,4,1|131,144,101,113,111,85
319|-4,4,1;-1,-1,1;3,3,1;-2,2,1;,1,-3,1;,0,-4,1|111,123,128,74,71,136
320|0,-4,1;1,2,1;-4,0,1;-2,4,1;-1,2,1;-4,-2,1|144,109,112,69,133,113
321|-4,-2,1;-3,1,1;,2,-3,1;-4,2,1;2,3,1;-3,4,1|76,147,114,140,103,64
322|-3,4,1;-2,0,1;,4,-2,1;-1,3,1;,0,-3,1;4,2,1;-2,4,1|78,82,117,116,64,72,121
323|-2,4,1;3,1,1;,2,-2,1;,4,-3,1;-4,2,1;,3,-4,1;0,0,1|133,137,76,101,79,80,82
324|0,0,1;,4,-1,1;1,2,1;3,4,1;-1,-3,1|134,114,124,143,100
325|-1,-3,1;,0,-1,1;-4,2,1;-3,-4,1;,1,-2,1;4,4,1|138,91,99,105,129,137
326|4,4,1;-4,-3,1;1,1,1;3,0,1;-2,4,1|111,133,112,121,144
327|-2,4,1;3,2,1;,0,-1,1;-1,0,1;,4,-2,1;,0,-3,1;-4,2,1|73,104,62,127,103,99,61
328|-4,2,1;-2,-3,1;,4,-1,1;-1,2,1;,3,-1,1;-3,4,1|142,117,87,125,85,89
329|-3,4,1;1,1,1;-1,3,1;1,2,1;-1,-3,1;4,1,1;2,3,1|140,86,100,74,88,79,115
330|2,3,1;0,1,1;,3,-1,1;-4,4,1;,0,-3,1;-3,0,1|84,129,140,72,74,129
331|-3,0,1;0,2,1;-4,-2,1;1,4,1;-3,3,1;,2,-1,1|136,71,101,119,136,72
332|2,-1,1;-1,1,1;1,2,1;3,3,1;2,1,1;,3,-3,1|98,109,140,110,116,97
333|3,-3,1;1,4,1;2,2,1;-2,0,1;,2,-2,1;0,3,1|125,102,107,120,66,73
334|0,3,1;3,0,1;-3,-2,1;,4,-3,1;1,0,1;,0,-3,1;,2,-2,1|123,126,123,71,80,90,74
335|2,-2,1;,1,-4,1;,3,-3,1;-4,3,1;1,2,1;-3,4,1;-1,-1,1|69,92,99,147,98,60,97
336|-1,-1,1;,1,-2,1;-4,-4,1;4,3,1;1,0,1;4,4,1|71,145,117,126,86,86
337|4,4,1;-3,0,1;,2,-1,1;3,3,1;-1,-3,1;0,1,1;-2,2,1|106,80,80,112,99,66,120
338|-2,2,1;,3,-2,1;0,4,1;-3,-4,1;0,3,1;-1,0,1|130,137,81,135,67,141
339|-1,0,1;,2,-4,1;,0,-1,1;2,0,1;-3,3,1;-2,-3,1|135,64,95,92,79,148
340|-2,-3,1;-4,-1,1;-2,2,1;-1,3,1;,0,-4,1;-3,3,1;,0,-2,1|99,79,94,88,112,105,69
341|0,-2,1;-3,0,1;1,1,1;2,4,1;4,2,1;-4,0,1;,4,-3,1;-4,3,1|84,134,62,61,73,121,85,68
342|-4,3,1;,0,-2,1;-2,-4,1;-1,-1,1;1,0,1;-3,1,1|63,139,122,68,69,128
343|-3,1,1;-4,3,1;-1,1,1;-2,-4,1;-4,2,1;,4,-4,1;-2,3,1|148,117,68,68,104,107,66
344|-2,3,1;0,1,1;-3,-4,1;,2,-1,1;-4,-2,1;,4,-1,1|130,68,101,120,95,90
345|4,-1,1;-1,0,1;4,1,1;,3,-1,1;2,3,1|117,125,145,123,86
346|2,3,1;,0,-1,1;-4,4,1;2,2,1;-3,1,1;,3,-1,1|103,80,132,115,128,102
347|3,-1,1;-4,-2,1;-3,1,1;,4,-2,1;0,4,1;2,2,1|70,90,108,95,127,148
348|2,2,1;-3,-4,1;-2,2,1;0,1,1;-4,-3,1;0,2,1;,3,-2,1|145,88,75,85,88,66,111
349|3,-2,1;-2,0,1;0,4,1;-1,3,1;-4,-2,1;3,4,1;,4,-2,1;,0,-4,1|98,61,69,105,63,60,94,148
350|0,-4,1;1,2,1;4,0,1;-4,4,1;-2,2,1|148,131,89,143,102
351|-2,2,1;0,3,1;,4,-2,1;-2,1,1;,4,-1,1;-1,-3,1;-4,1,1|124,82,91,86,70,83,149
352|-4,1,1;0,3,1;2,2,1;,3,-4,1;,4,-2,1;,2,-4,1;3,3,1|78,111,98,82,131,96,103
353|3,3,1;-3,1,1;-4,2,1;-3,-1,1;-2,3,1;-4,-1,1|136,141,61,70,149,87
354|-4,-1,1;,1,-3,1;-2,-4,1;3,3,1;0,0,1;-2,-2,1;,2,-3,1|130,149,91,67,62,75,107
355|2,-3,1;3,2,1;-4,-4,1;4,4,1;,3,-3,1;0,2,1|108,131,119,81,147,86
356|0,2,1;-2,-1,1;,2,-2,1;3,4,1;-1,3,1;,1,-3,1|105,106,113,101,98,98
357|1,-3,1;-1,4,1;4,1,1;2,4,1;,4,-3,1|147,85,87,129,148
358|4,-3,1;3,3,1;-3,4,1;,2,-2,1;-1,-1,1;,1,-4,1|86,128,147,93,84,77
359|1,-4,1;-1,-1,1;2,3,1;-3,-2,1;,1,-1,1;0,0,1;4,1,1|135,126,98,63,101,68,86
360|4,1,1;,1,-2,1;-3,3,1;0,0,1;-1,2,1;-3,4,1|72,147,128,122,121,78
361|-3,4,1;-1,2,1;,3,-3,1;,4,-2,1;-3,-1,1;-2,2,1;1,3,1|145,69,70,89,135,113,78
362|1,3,1;,0,-1,1;2,0,1;,4,-4,1;,2,-2,1;-1,4,1|73,85,139,100,137,149
363|-1,4,1;-4,0,1;-3,4,1;-4,3,1;-1,-1,1;-4,-2,1;0,4,1|60,120,133,114,60,77,88
364|0,4,1;-2,2,1;-3,4,1;1,0,1;-2,-2,1;-4,4,1;-2,-3,1|108,70,83,136,136,60,64
365|-2,-3,1;2,1,1;-4,-3,1;,1,-4,1;3,2,1;,1,-3,1|136,143,106,66,100,87
366|1,-3,1;-3,-4,1;3,1,1;2,0,1;-1,-3,1;,4,-1,1|109,100,111,140,123,74
367|4,-1,1;1,0,1;-3,-2,1;2,2,1;,3,-1,1;-4,2,1|82,94,147,97,88,76
368|-4,2,1;-1,0,1;,4,-4,1;-3,2,1;4,1,1;1,0,1|111,72,95,129,126,108
369|1,0,1;2,2,1;-2,4,1;,0,-2,1;2,0,1;0,4,1|109,92,63,128,134,141
370|0,4,1;-4,-3,1;,4,-2,1;-3,-4,1;-2,2,1;-3,0,1|128,146,108,89,88,122
371|-3,0,1;-4,1,1;,2,-3,1;-4,3,1;-3,4,1;,2,-4,1|75,115,141,95,132,136
372|2,-4,1;-1,-2,1;2,4,1;-3,3,1;,1,-3,1|126,136,136,65,133
373|1,-3,1;,2,-4,1;-2,-3,1;1,4,1;-3,-3,1;-1,1,1|146,108,71,133,113,117
374|-1,1,1;-3,-1,1;,4,-4,1;-4,2,1;-1,0,1;3,2,1|134,119,123,69,109,92
375|3,2,1;-4,-3,1;4,4,1;,3,-2,1;,2,-1,1|73,110,143,124,133
376|2,-1,1;1,4,1;,3,-1,1;,0,-2,1;,1,-4,1;0,0,1|117,117,119,64,101,142
377|0,0,1;-1,2,1;,0,-3,1;4,0,1;-4,-1,1;0,3,1|77,88,95,128,139,134
378|0,3,1;,1,-4,1;2,1,1;-4,2,1;-3,3,1;4,2,1;-2,-1,1|109,110,110,95,62,78,123
379|-2,-1,1;-3,0,1;,1,-2,1;,3,-4,1;2,1,1;-1,0,1|111,120,113,92,126,61
380|-1,0,1;3,1,1;0,2,1;,2,-1,1;,1,-4,1;0,3,1|125,129,140,100,86,117
381|0,3,1;-3,0,1;-1,3,1;-4,-3,1;-1,-2,1;,4,-4,1|122,97,123,100,95,76
382|4,-4,1;-3,0,1;,1,-3,1;-2,-1,1;-4,1,1;0,3,1|66,60,147,104,142,137
383|0,3,1;2,4,1;-4,-4,1;3,4,1;,0,-1,1;4,0,1|95,85,107,87,134,104
384|4,0,1;-3,1,1;-2,0,1;,3,-1,1;0,3,1;-2,1,1|116,74,137,89,141,113
385|-2,1,1;2,0,1;4,1,1;,0,-4,1;,4,-1,1;-2,0,1|111,65,117,135,72,116
386|-2,0,1;4,1,1;-3,0,1;,0,-2,1;-3,-3,1;0,0,1|132,125,79,93,135,69
387|0,0,1;,2,-4,1;1,3,1;,0,-2,1;-1,-1,1|100,98,102,128,139
388|-1,-1,1;,0,-2,1;-1,-3,1;-4,0,1;,4,-1,1;-2,4,1|73,133,147,81,126,101
389|-2,4,1;0,3,1;,4,-1,1;2,2,1;,4,-2,1;3,0,1|145,95,125,73,79,91
390|3,0,1;,0,-3,1;-3,2,1;-1,1,1;,2,-2,1;1,1,1;-3,0,1|99,118,142,92,76,74,63
391|-3,0,1;,1,-3,1;0,3,1;-1,-3,1;-2,3,1;,2,-2,1|111,70,77,98,147,118
392|2,-2,1;4,2,1;,1,-2,1;,4,-3,1;-3,1,1;-4,2,1|105,133,92,137,111,88
393|-4,2,1;,2,-4,1;4,0,1;-4,-2,1;-3,3,1|127,115,107,115,115
394|-3,3,1;2,2,1;3,0,1;4,2,1;-2,-4,1;1,0,1|141,64,119,118,110,109
395|1,0,1;-4,-1,1;-3,4,1;-4,-3,1;-1,4,1|105,127,139,134,139
396|-1,4,1;-4,-3,1;3,3,1;4,0,1;2,3,1;1,4,1|126,107,94,115,95,128
397|1,4,1;-3,-4,1;-4,-1,1;,2,-4,1;-4,1,1;4,2,1|95,117,118,106,99,84
398|4,2,1;,3,-1,1;0,1,1;,4,-1,1;3,0,1;1,2,1|77,149,118,61,89,146
399|1,2,1;-4,1,1;-3,0,1;,4,-2,1;-2,2,1;-3,1,1|125,141,112,101,84,112
400|-3,1,1;2,2,1;-3,-4,1;-2,-2,1;3,3,1;0,2,1|121,119,70,74,85,119
401|0,2,1;,2,-3,1;3,4,1;2,2,1;-2,0,1;4,2,1;,0,-3,1|77,61,70,95,92,131,145
402|0,-3,1;-4,2,1;,3,-2,1;-3,-3,1;-2,1,1;-4,4,1|86,111,120,78,103,113
403|-4,4,1;-1,3,1;2,0,1;,0,-4,1;-2,3,1;-3,-2,1|112,71,99,142,77,132
404|-3,-2,1;,4,-3,1;-1,2,1;4,0,1;-4,3,1;-3,0,1|100,103,114,119,130,103
405|-3,0,1;,1,-3,1;-4,1,1;-1,-3,1;-2,3,1|147,70,99,133,148
406|-2,3,1;4,2,1;-1,0,1;1,4,1;-2,-2,1;0,3,1;-4,0,1|74,77,102,70,76,137,68
407|-4,0,1;-3,3,1;1,1,1;,4,-4,1;,3,-2,1;-1,0,1;,0,-3,1|75,104,73,93,134,111,105
408|0,-3,1;3,1,1;-1,-2,1;,3,-1,1;-2,1,1;-4,-3,1|121,79,124,77,148,90
409|-4,-3,1;-1,3,1;,0,-2,1;3,1,1;0,2,1;-2,3,1;0,1,1|72,111,67,66,135,69,99
410|0,1,1;4,4,1;-1,0,1;,1,-1,1;2,2,1;-3,1,1|104,124,82,63,89,146
411|-3,1,1;-4,-2,1;-3,4,1;-1,-1,1;4,2,1;2,4,1|118,97,94,144,60,97
412|2,4,1;-3,3,1;,4,-2,1;0,1,1;,2,-1,1|127,131,122,148,84
413|2,-1,1;1,4,1;-4,-2,1;0,4,1;3,0,1;,1,-1,1|84,139,103,123,118,60
414|1,-1,1;-4,2,1;,4,-2,1;-3,0,1;-1,-4,1;-3,-3,1|91,66,135,85,122,149
415|-3,-3,1;4,0,1;-4,-2,1;1,0,1;2,2,1;-3,-4,1;2,0,1|104,83,130,65,68,144,96
416|2,0,1;,1,-3,1;-2,-4,1;-4,-1,1;,0,-2,1;-3,-4,1;4,2,1|65,66,84,144,145,87,73
417|4,2,1;-2,-4,1;,4,-1,1;0,2,1;-3,-3,1;-2,4,1|139,95,99,149,72,127
418|-2,4,1;,4,-2,1;-1,-1,1;0,2,1;-4,-1,1;-1,1,1|118,81,124,100,106,96
419|-1,1,1;1,0,1;0,2,1;,3,-1,1;-4,3,1;4,2,1|126,133,79,66,147,129
420|4,2,1;-3,0,1;,2,-2,1;-1,4,1;2,0,1;-1,3,1;,1,-3,1|128,128,63,72,89,91,125
421|1,-3,1;4,2,1;3,0,1;-1,-4,1;,1,-1,1|140,148,94,134,132
422|1,-1,1;2,1,1;,0,-4,1;4,3,1;-2,-4,1;3,3,1;0,4,1|134,70,81,65,99,110,94
423|0,4,1;3,3,1;1,2,1;,0,-2,1;-1,-1,1;-2,2,1;,4,-2,1|104,103,105,69,111,106,87
424|4,-2,1;-4,1,1;,3,-3,1;0,2,1;2,4,1;,3,-4,1;4,4,1|111,140,90,93,67,79,86
425|4,4,1;-1,-3,1;,1,-1,1;-2,3,1;,0,-3,1;-3,-1,1;-4,1,1|138,60,118,91,72,83,109
426|-4,1,1;-2,-3,1;,1,-2,1;-3,0,1;,1,-1,1;-3,-4,1;1,4,1|129,81,132,60,84,104,98
427|1,4,1;,0,-3,1;3,3,1;-1,-1,1;-4,-2,1;-1,2,1|138,119,60,94,77,127
428|-1,2,1;0,3,1;,2,-3,1;-4,-2,1;3,3,1;-2,-1,1|88,142,132,95,106,127
429|-2,-1,1;-1,1,1;4,4,1;-4,-3,1;,3,-4,1;,4,-3,1;-4,-2,1|80,98,80,69,95,136,90
430|-4,-2,1;-3,-1,1;4,2,1;2,3,1;,1,-1,1;4,4,1;-2,-3,1|114,137,83,133,83,78,64
431|-2,-3,1;,2,-2,1;-4,4,1;1,0,1;-1,1,1;2,3,1|72,68,87,147,140,104
432|2,3,1;-1,-3,1;,2,-1,1;-2,2,1;-3,-4,1;-2,1,1;4,3,1;,1,-4,1|93,74,74,72,112,91,78,76
433|1,-4,1;0,2,1;4,1,1;-2,-1,1;-3,-4,1;,3,-1,1;-3,4,1|96,77,98,83,119,142,77
434|-3,4,1;-1,-4,1;3,4,1;,4,-1,1;-1,0,1;-3,1,1|98,81,93,119,113,123
435|-3,1,1;,3,-2,1;1,3,1;-1,-2,1;-4,4,1;2,2,1;-2,-3,1|103,91,73,92,101,132,62
436|-2,-3,1;-4,1,1;,3,-1,1;-1,-2,1;-2,3,1|119,139,131,147,137
437|-2,3,1;,4,-2,1;,3,-3,1;-3,2,1;4,3,1|145,90,95,138,112
438|4,3,1;,1,-3,1;-3,2,1;4,0,1;-2,-1,1;-3,-3,1|94,133,139,87,133,67
439|-3,-3,1;4,4,1;2,3,1;,0,-2,1;-4,0,1;,1,-4,1|91,81,136,65,120,115
440|1,-4,1;-2,0,1;-3,-1,1;-1,-2,1;4,0,1;2,1,1|135,143,105,84,121,92
441|2,1,1;-1,-3,1;,1,-1,1;2,0,1;0,4,1;-3,2,1|144,83,83,131,105,133
442|-3,2,1;-1,0,1;,3,-3,1;0,2,1;,4,-3,1;-2,2,1;-3,0,1|64,135,133,82,60,102,71
443|-3,0,1;2,3,1;-1,2,1;,0,-3,1;4,4,1;-1,0,1|82,109,100,96,104,146
444|-1,0,1;,0,-4,1;-4,-1,1;-2,-2,1;2,3,1;-3,1,1;,0,-1,1|63,61,142,94,114,126,66
445|0,-1,1;-3,3,1;4,2,1;0,3,1;-1,-1,1|124,117,140,137,142
446|-1,-1,1;0,4,1;3,2,1;-3,-4,1;,4,-1,1;,3,-2,1|123,133,123,86,142,70
447|3,-2,1;,0,-3,1;-2,0,1;,4,-4,1;2,1,1|148,139,92,107,124
448|2,1,1;,4,-2,1;,1,-3,1;-4,0,1;,0,-3,1;-3,-2,1;1,2,1|77,65,145,85,72,70,85
449|1,2,1;4,4,1;-4,-2,1;-1,0,1;4,3,1;-2,-3,1|89,148,112,72,99,77
450|-2,-3,1;-4,2,1;1,0,1;-2,-2,1;-4,-4,1;,2,-3,1|114,134,118,110,77,103
451|2,-3,1;3,2,1;0,0,1;,1,-2,1;-2,0,1;,0,-4,1|84,78,147,96,141,82
452|0,-4,1;-4,1,1;,1,-1,1;4,4,1;1,1,1;,2,-4,1|120,80,106,119,131,125
453|2,-4,1;-1,-2,1;2,4,1;3,1,1;2,0,1|110,127,106,137,117
454|2,0,1;,4,-1,1;-1,0,1;,1,-3,1;-4,0,1;2,4,1;-1,2,1|143,128,67,75,89,134,61
455|-1,2,1;-3,-2,1;-4,-4,1;-2,1,1;-4,-1,1;1,4,1;-3,-4,1|64,133,78,89,68,108,106
456|-3,-4,1;,1,-3,1;,3,-1,1;-4,-4,1;4,2,1;-3,0,1;2,2,1|73,116,81,94,64,95,124
457|2,2,1;-2,4,1;1,0,1;-3,-4,1;-4,-3,1;,4,-2,1;3,4,1|88,67,82,146,123,83,69
458|3,4,1;-3,0,1;,2,-2,1;,1,-3,1;2,2,1;-4,-4,1|66,60,113,87,148,141
459|-4,-4,1;1,2,1;3,4,1;,1,-2,1;0,0,1;-4,-2,1|107,118,136,100,110,123
460|-4,-2,1;-3,4,1;,0,-3,1;2,1,1;-2,3,1|137,72,139,149,128
461|-2,3,1;-1,-3,1;-2,2,1;,3,-3,1;1,2,1;,2,-2,1|76,99,136,94,84,136
462|2,-2,1;0,1,1;-2,-3,1;,2,-4,1;-3,3,1;3,4,1|63,140,98,141,136,119
463|3,4,1;-4,-2,1;4,3,1;-2,-1,1;-1,1,1;0,2,1;,1,-4,1|102,74,111,126,116,66,63
464|1,-4,1;2,0,1;-4,-2,1;,2,-1,1;1,4,1;,4,-3,1;-3,-4,1|118,96,108,77,140,69,61
465|-3,-4,1;-2,4,1;,1,-4,1;-1,4,1;-4,-1,1;-1,-4,1|135,109,72,101,113,128
466|-1,-4,1;1,0,1;-2,2,1;1,3,1;0,4,1;2,1,1;-1,3,1|80,142,64,70,90,93,109
467|-1,3,1;2,4,1;-4,-3,1;-1,2,1;-4,4,1;1,3,1|78,137,133,69,62,134
468|1,3,1;-3,2,1;-2,-3,1;-4,3,1;,4,-3,1;1,1,1;-3,3,1|71,72,136,105,82,125,61
469|-3,3,1;,1,-3,1;0,0,1;-3,-3,1;2,1,1;,4,-3,1;-2,-4,1|95,85,130,96,115,62,85
470|-2,-4,1;-4,-1,1;-1,-3,1;1,0,1;-3,1,1;,0,-1,1;2,4,1|83,103,60,75,90,66,114
471|2,4,1;,4,-4,1;,0,-1,1;3,0,1;-3,-4,1;2,1,1|106,86,68,87,136,85
472|2,1,1;-4,-2,1;0,0,1;1,2,1;-4,-1,1;-1,-3,1;0,3,1|120,72,123,65,118,85,110
473|0,3,1;,1,-4,1;3,3,1;-4,0,1;3,4,1;,4,-3,1|61,134,131,81,144,113
474|4,-3,1;-3,2,1;2,3,1;,1,-3,1;-4,-2,1;-1,3,1|143,100,117,88,97,83
475|-1,3,1;3,2,1;-3,-4,1;1,3,1;-4,-3,1;,2,-2,1|67,138,118,101,95,103
476|2,-2,1;0,0,1;1,1,1;-3,-2,1;3,2,1;-1,-4,1;,0,-1,1|123,101,83,97,69,133,88
477|0,-1,1;,4,-4,1;-2,0,1;-4,4,1;0,3,1;-1,-2,1|129,74,102,126,85,117
478|-1,-2,1;0,1,1;,4,-3,1;1,3,1;-1,-1,1;2,0,1;-2,4,1|144,80,129,75,60,96,96
479|-2,4,1;-4,2,1;3,0,1;0,3,1;-1,0,1;2,4,1|81,75,140,81,106,129
480|2,4,1;0,0,1;2,2,1;,3,-2,1;-4,1,1;3,2,1;1,1,1|83,99,85,128,120,75,80
481|1,1,1;,4,-4,1;1,0,1;-2,-1,1;,2,-2,1;-2,0,1|83,98,76,70,104,126
482|-2,0,1;4,2,1;-3,-4,1;-1,4,1;,2,-2,1;-1,3,1;3,1,1|96,72,125,88,111,89,104
483|3,1,1;2,0,1;1,4,1;,2,-3,1;-4,-1,1;-3,-2,1|61,144,143,81,117,145
484|-3,-2,1;2,1,1;4,3,1;-4,1,1;0,4,1;,3,-4,1;-1,1,1|61,113,100,85,126,100,90
485|-1,1,1;-3,0,1;,4,-4,1;-1,-3,1;,1,-2,1;,0,-1,1|115,123,82,119,142,91
486|0,-1,1;-3,2,1;,2,-3,1;4,4,1;-4,3,1;-3,-3,1|109,123,90,91,143,73
487|-3,-3,1;0,0,1;4,4,1;1,3,1;,0,-4,1;-3,3,1|109,145,73,101,120,81
488|-3,3,1;-2,-3,1;4,3,1;,0,-2,1;,4,-1,1;,0,-4,1|129,74,77,61,126,134
489|0,-4,1;,3,-3,1;-4,0,1;,1,-3,1;2,2,1;1,4,1|62,146,122,135,105,93
490|1,4,1;-2,-2,1;4,4,1;-3,3,1;-2,1,1;-1,-1,1|136,115,147,123,76,74
491|-1,-1,1;-3,4,1;-2,1,1;,2,-4,1;1,0,1|92,111,143,126,142
492|1,0,1;4,4,1;-3,3,1;,4,-4,1;0,3,1;,3,-3,1|70,98,143,134,138,96
493|3,-3,1;,2,-1,1;0,2,1;1,0,1;,0,-3,1;,3,-1,1|115,96,125,66,111,100
494|3,-1,1;-2,3,1;,1,-4,1;,2,-1,1;-3,2,1;2,0,1|118,128,108,70,107,114
495|2,0,1;,1,-1,1;-3,3,1;-1,4,1;,0,-4,1;2,3,1|90,65,70,135,117,119
496|2,3,1;,4,-2,1;,2,-4,1;-3,4,1;2,2,1;-2,4,1|112,89,148,104,89,102
497|-2,4,1;-3,-2,1;0,1,1;-1,-2,1;-4,-1,1;-2,-3,1;-3,0,1|70,95,96,112,145,99,72
498|-3,0,1;-2,-2,1;-3,4,1;,1,-3,1;2,0,1;-3,-1,1;-1,-2,1|127,63,93,125,91,70,111
499|-1,-2,1;,4,-1,1;2,1,1;,0,-4,1;2,0,1;-4,-4,1|97,80,87,93,139,127
500|-4,-4,1;0,4,1;,1,-2,1;-1,1,1;,0,-1,1|135,148,85,87,135