path_num|points|times
144|20,11,1;11,20,1;20,9,1;20,1,1|224,162,123
145|20,1,1;20,2,1;19,1,1;1,12,1;9,20,1|178,142,142,167
146|9,20,1;1,1,1;20,9,1;10,19,1|122,177,218
147|10,19,1;9,20,1;1,20,1;1,1,1;12,20,1|212,129,183,140
148|12,20,1;20,17,1;20,20,1|244,246
149|20,20,1;9,1,1;16,8,1;16,1,1|144,161,203
150|16,1,1;20,12,1;20,20,1;1,1,1;1,2,1;5,6,1|186,107,109,117,166
151|5,6,1;5,1,1;1,5,1;4,5,1;1,8,1|233,173,110,106
152|1,8,1;8,1,1;11,20,1;1,19,1;2,20,1|123,108,132,249
153|2,20,1;1,19,1;19,1,1;1,8,1;11,20,1|104,158,159,179
154|11,20,1;1,10,1;12,20,1;20,20,1|245,147,194
155|20,20,1;19,10,1;19,20,1;10,20,1;18,12,1|223,204,100,130
156|18,12,1;18,20,1;20,18,1;20,20,1|165,246,180
157|20,20,1;1,12,1;20,9,1;10,19,1;4,13,1|172,134,138,142
158|4,13,1;4,1,1;1,1,1;10,3,1|231,172,236
159|10,3,1;1,12,1;20,1,1;2,12,1;10,20,1;10,12,1|107,118,220,124,115
160|10,12,1;10,20,1;20,20,1;1,1,1|206,111,232
161|1,1,1;12,20,1;20,20,1;13,13,1;13,19,1|232,108,213,106
162|13,19,1;12,20,1;20,20,1;20,19,1|151,244,239
163|20,19,1;20,20,1;1,9,1;9,1,1;13,12,1|130,229,111,176
164|13,12,1;20,5,1;1,16,1;1,20,1;4,17,1;4,20,1|112,162,117,180,109
165|4,20,1;1,17,1;6,1,1;2,8,1|154,229,215
166|2,8,1;1,9,1;20,12,1;9,19,1;17,11,1;18,12,1|111,110,177,186,112
167|18,12,1;17,2,1;20,13,1;19,2,1;20,1,1|235,110,132,195
168|20,1,1;1,4,1;1,20,1;8,13,1|191,160,241
169|8,13,1;8,20,1;8,1,1;1,8,1;7,14,1|170,113,217,155
170|7,14,1;7,20,1;1,20,1;6,15,1;1,15,1|192,148,175,130
171|1,15,1;20,12,1;12,20,1;2,10,1;20,3,1|206,110,210,134
172|20,3,1;9,20,1;1,20,1;12,10,1;3,19,1|243,115,130,193
173|3,19,1;1,19,1;19,1,1;20,12,1|163,242,218
174|20,12,1;20,11,1;11,20,1;1,20,1;8,2,1|216,190,172,112
175|8,2,1;1,9,1;1,1,1;4,4,1;7,1,1|129,231,178,139
176|7,1,1;1,7,1;1,1,1;6,1,1|187,233,166
177|6,1,1;1,12,1;1,20,1;20,12,1|203,142,224
178|20,12,1;1,20,1;9,1,1;19,1,1|234,151,114
179|19,1,1;8,20,1;1,20,1;7,14,1;9,1,1|151,174,216,110
180|9,1,1;1,9,1;20,12,1;10,2,1;3,9,1;3,8,1|144,125,108,150,151
181|3,8,1;2,20,1;1,19,1;2,18,1;1,18,1|108,248,202,128
182|1,18,1;1,20,1;9,1,1;13,19,1;12,19,1|184,160,177,115
183|12,19,1;20,8,1;20,1,1;3,7,1;3,1,1|127,162,106,191
184|3,1,1;1,1,1;9,20,1;9,13,1|219,200,214
185|9,13,1;2,20,1;1,19,1;2,19,1;1,20,1|192,141,128,151
186|1,20,1;20,1,1;13,12,1;20,19,1;19,20,1|199,123,173,154
187|19,20,1;8,1,1;1,8,1;7,14,1|170,247,143
188|7,14,1;1,14,1;14,1,1;20,1,1;20,20,1|140,205,157,101
189|20,20,1;12,1,1;1,20,1;1,11,1|211,179,172
190|1,11,1;1,1,1;20,1,1;2,5,1|195,235,190
191|2,5,1;1,4,1;1,1,1;20,4,1|210,234,198
192|20,4,1;17,1,1;20,1,1;1,9,1|166,157,227
193|1,9,1;20,20,1;20,19,1;11,10,1|226,243,196
194|11,10,1;20,19,1;1,16,1;1,20,1|231,167,196
195|1,20,1;20,12,1;17,20,1;13,20,1|112,244,206
196|13,20,1;20,16,1;14,16,1;16,14,1;16,13,1|174,111,171,144
197|16,13,1;16,1,1;1,1,1;4,20,1|238,158,237
198|4,20,1;1,20,1;9,1,1;1,4,1|229,206,105
199|1,4,1;15,1,1;1,1,1;7,7,1|238,193,116
200|7,7,1;13,1,1;20,8,1;10,20,1;20,20,1|115,127,175,147
201|20,20,1;20,1,1;19,11,1;1,11,1;9,3,1|191,131,132,110
202|9,3,1;7,1,1;1,7,1;20,18,1;18,20,1|190,221,136,108
203|18,20,1;20,20,1;20,1,1;1,12,1|214,246,228
204|1,12,1;12,2,1;13,1,1;20,8,1|242,247,109
205|20,8,1;20,1,1;1,1,1;20,12,1|242,229,166
206|20,12,1;12,20,1;20,1,1;1,1,1;9,20,1|102,157,117,102
207|9,20,1;12,1,1;20,1,1;20,8,1|247,101,243
208|20,8,1;20,1,1;1,1,1;9,20,1|242,167,245
209|9,20,1;1,9,1;10,20,1;1,11,1|214,234,104
210|1,11,1;11,1,1;19,20,1;1,13,1;1,12,1|178,204,204,107
211|1,12,1;2,11,1;11,20,1;1,20,1;1,13,1|110,100,193,185
212|1,13,1;2,1,1;20,12,1;12,20,1|226,223,181
213|12,20,1;20,12,1;1,1,1;1,20,1|207,221,140
214|1,20,1;12,1,1;20,1,1;13,8,1|187,202,233
215|13,8,1;3,20,1;20,15,1;20,20,1;15,20,1|167,147,159,144
216|15,20,1;20,15,1;17,1,1;20,1,1|126,226,182
217|20,1,1;1,1,1;19,12,1;9,2,1;10,1,1|181,207,101,184
218|10,1,1;1,1,1;20,20,1;10,9,1;3,2,1|156,245,158,107
219|3,2,1;1,4,1;12,20,1;8,13,1|176,213,155
220|8,13,1;1,20,1;9,1,1;1,1,1;4,4,1|226,177,128,150
221|4,4,1;1,4,1;9,1,1;9,11,1;11,11,1|141,113,117,242
222|11,11,1;1,11,1;11,1,1;11,10,1;2,1,1|148,236,118,185
223|2,1,1;1,1,1;20,20,1;9,13,1|244,232,123
224|9,13,1;1,2,1;8,20,1;20,20,1;14,14,1|249,135,116,162
225|14,14,1;12,1,1;6,12,1;5,13,1;1,9,1|200,123,137,147
226|1,9,1;1,10,1;10,1,1;1,1,1;5,12,1|144,131,167,240
227|5,12,1;8,20,1;20,19,1;10,9,1;9,9,1|165,138,193,111
228|9,9,1;20,1,1;13,8,1;6,1,1|249,124,238
229|6,1,1;14,20,1;7,9,1;7,12,1;13,18,1|118,150,224,154
230|13,18,1;20,18,1;18,20,1;18,19,1;17,20,1;16,19,1|147,115,197,140,100
231|16,19,1;16,1,1;20,5,1;17,8,1;17,3,1|232,168,117,176
232|17,3,1;20,3,1;9,20,1;18,7,1;20,7,1|166,107,214,143
233|20,7,1;1,10,1;1,1,1;20,1,1|113,235,168
234|20,1,1;1,9,1;1,10,1;5,14,1;17,2,1|247,147,128,172
235|17,2,1;20,2,1;19,1,1;20,1,1|229,167,225
236|20,1,1;19,1,1;19,11,1;10,2,1;18,2,1|138,217,113,105
237|18,2,1;14,20,1;20,20,1;1,20,1;15,12,1|121,108,217,200
238|15,12,1;4,20,1;1,20,1;20,1,1;1,1,1|230,159,123,167
239|1,1,1;20,1,1;1,20,1;1,13,1|113,211,151
240|1,13,1;20,10,1;20,1,1;2,12,1|243,229,136
241|2,12,1;1,13,1;1,20,1;20,20,1|202,235,200
242|20,20,1;12,1,1;1,20,1;19,20,1;20,19,1|102,196,248,141
243|20,19,1;20,20,1;12,1,1;12,8,1;19,1,1;13,1,1|184,171,113,102,111
244|13,1,1;20,1,1;1,20,1;1,1,1|244,122,171
245|1,1,1;20,1,1;9,20,1;16,2,1;11,8,1|143,195,122,180
246|11,8,1;20,8,1;9,20,1;10,20,1|214,133,240
247|10,20,1;20,20,1;1,17,1;8,17,1|214,162,238
248|8,17,1;1,10,1;1,1,1;20,9,1|245,170,164
249|20,9,1;20,1,1;1,1,1;8,8,1;1,8,1|201,119,123,105
250|1,8,1;1,1,1;4,20,1;15,1,1|188,234,131
251|15,1,1;20,17,1;20,20,1;15,14,1;1,3,1|173,125,118,212
252|1,3,1;6,20,1;1,4,1|236,241
253|1,4,1;6,20,1;1,20,1;1,16,1|204,176,161
254|1,16,1;5,1,1;13,15,1;12,15,1;4,1,1|129,106,220,187
255|4,1,1;1,4,1;12,20,1;20,12,1|183,206,229
256|20,12,1;20,20,1;1,12,1;1,20,1|241,230,147
257|1,20,1;9,1,1;10,1,1;2,9,1|211,116,166
258|2,9,1;20,13,1;7,13,1;1,7,1;1,1,1|191,121,178,202
259|1,1,1;9,20,1;20,1,1;2,1,1;3,2,1|132,124,210,104
260|3,2,1;3,1,1;1,3,1;1,1,1;2,1,1|128,161,209,130
261|2,1,1;20,1,1;9,20,1;16,2,1|182,140,241
262|16,2,1;6,1,1;20,4,1;1,4,1;4,1,1|106,144,215,163
263|4,1,1;4,20,1;1,17,1;1,1,1;7,7,1|183,159,128,133
264|7,7,1;7,20,1;18,8,1;8,18,1;1,11,1|183,140,107,140
265|1,11,1;3,20,1;3,12,1;1,14,1;2,14,1|162,140,207,148
266|2,14,1;1,15,1;6,20,1;1,9,1;1,1,1|101,133,249,190
267|1,1,1;20,9,1;13,13,1;6,20,1|172,189,140
268|6,20,1;20,6,1;9,1,1;1,9,1;1,1,1|215,113,122,171
269|1,1,1;20,1,1;12,20,1;8,2,1;2,13,1|184,108,129,171
270|2,13,1;1,3,1;1,1,1;12,20,1|213,227,135
271|12,20,1;20,20,1;10,9,1;14,13,1;15,13,1|116,135,192,217
272|15,13,1;5,1,1;1,1,1;9,20,1|237,158,159
273|9,20,1;1,1,1;12,11,1;20,19,1;15,13,1|140,163,219,150
274|15,13,1;20,8,1;13,1,1;1,2,1;18,8,1|152,139,245,136
275|18,8,1;7,1,1;13,7,1;8,7,1;14,1,1|191,138,140,198
276|14,1,1;20,1,1;9,20,1;1,9,1|210,195,170
277|1,9,1;9,1,1;1,1,1;1,8,1;7,2,1;11,20,1|106,107,175,169,105
278|11,20,1;1,19,1;2,20,1;10,12,1|168,160,241
279|10,12,1;1,12,1;1,20,1;1,1,1;20,9,1|130,194,185,124
280|20,9,1;12,1,1;20,20,1;20,10,1|176,175,178
281|20,10,1;11,1,1;20,12,1;12,20,1;11,20,1|148,167,148,184
282|11,20,1;11,1,1;1,1,1;9,20,1;10,19,1|230,161,152,106
283|20,20,1;9,1,1;1,9,1;1,1,1|238,196,242
284|1,1,1;1,20,1;2,10,1;2,1,1;20,5,1|126,191,197,126
285|20,5,1;20,1,1;17,20,1;6,1,1|139,220,122
286|6,1,1;1,6,1;20,9,1;20,1,1|202,246,138
287|20,1,1;1,9,1;19,2,1;19,10,1;16,7,1|204,181,129,151
288|16,7,1;20,3,1;18,1,1;20,14,1;20,4,1|171,140,170,105
289|20,4,1;15,20,1;15,1,1;4,20,1|248,156,151
290|4,20,1;1,20,1;20,12,1;1,1,1;11,11,1;3,19,1|122,204,106,133,106
291|3,19,1;15,20,1;1,9,1;11,10,1|130,195,145
292|11,10,1;11,1,1;20,1,1;12,4,1|219,232,214
293|12,4,1;20,4,1;20,1,1;1,12,1|175,228,224
294|1,12,1;20,20,1;11,11,1;19,11,1;18,10,1|178,178,110,138
295|18,10,1;18,1,1;20,3,1;19,4,1|171,249,209
296|19,4,1;3,20,1;14,10,1;20,16,1;20,20,1|152,133,167,136
297|20,20,1;1,17,1;1,20,1;6,14,1;6,19,1|148,170,125,163
298|6,19,1;1,8,1;5,15,1;5,9,1;2,9,1|183,194,139,105
299|2,9,1;20,20,1;3,9,1;1,7,1|168,226,248
300|1,7,1;3,20,1;6,1,1;1,1,1|234,204,242
301|1,1,1;2,1,1;6,5,1;7,5,1;20,7,1|224,104,199,109
302|20,7,1;9,20,1;19,9,1;10,18,1;1,9,1|192,150,123,140
303|1,9,1;4,1,1;1,4,1;8,11,1;9,11,1|134,147,243,117
304|9,11,1;1,19,1;2,20,1;20,16,1;14,16,1;14,11,1|136,111,111,133,159
305|14,11,1;20,5,1;20,20,1;1,12,1;1,11,1|194,122,174,153
306|1,11,1;11,1,1;19,20,1;20,8,1;12,8,1|147,102,211,169
307|12,8,1;1,20,1;20,9,1;2,20,1;12,10,1|125,100,152,241
308|12,10,1;12,1,1;20,9,1;20,1,1|217,139,197
309|20,1,1;12,20,1;8,2,1;18,12,1|147,161,216
310|18,12,1;20,10,1;9,1,1;1,1,1;12,20,1|162,104,228,175
311|12,20,1;20,1,1;1,9,1;11,9,1|178,175,180
312|11,9,1;1,9,1;20,20,1;20,1,1|249,137,230
313|20,1,1;1,12,1;11,2,1;20,11,1|156,235,210
314|20,11,1;10,1,1;1,10,1;1,1,1|244,228,175
315|1,1,1;20,20,1;12,1,1;2,1,1;13,3,1;12,2,1|131,168,112,175,108
316|12,2,1;20,2,1;20,1,1;20,20,1|193,162,193
317|20,20,1;12,1,1;20,1,1;17,4,1|221,171,206
318|17,4,1;1,4,1;4,1,1;4,3,1;6,1,1|156,198,116,110
319|6,1,1;1,12,1;9,20,1;1,20,1;1,13,1|221,133,168,169
320|1,13,1;12,20,1;20,12,1;20,20,1;13,20,1|192,212,177,117
321|13,20,1;20,13,1;1,2,1;2,1,1;20,1,1|208,118,171,103
322|20,1,1;1,1,1;20,20,1;9,13,1|195,217,245
323|9,13,1;1,5,1;1,1,1;9,20,1;19,9,1|167,147,221,118
324|19,9,1;20,9,1;12,1,1;1,20,1;18,9,1|160,101,180,171
325|18,9,1;7,1,1;14,8,1;8,8,1|102,173,215
326|8,8,1;15,1,1;7,20,1;1,20,1|133,230,157
327|1,20,1;20,1,1;1,1,1;8,12,1;8,2,1|154,112,206,108
328|8,2,1;7,1,1;20,3,1;14,20,1|215,230,249
329|14,20,1;14,1,1;11,20,1;1,20,1;5,9,1|113,159,137,125
330|5,9,1;5,1,1;8,20,1;1,20,1;20,17,1|145,221,115,154
331|20,17,1;12,20,1;14,18,1;20,18,1|213,224,158
332|20,18,1;20,20,1;12,1,1;8,8,1;18,8,1|102,178,113,132
333|18,8,1;11,1,1;3,20,1;1,7,1;2,17,1|176,144,204,117
334|2,17,1;20,6,1;3,11,1;7,7,1|167,179,199
335|7,7,1;1,7,1;1,1,1;7,6,1|195,130,225
336|7,6,1;1,11,1;11,11,1;7,15,1|227,234,206
337|7,15,1;20,17,1;20,1,1;19,12,1|201,118,239
338|19,12,1;20,13,1;1,5,1;1,1,1;18,12,1|244,159,122,131
339|18,12,1;20,10,1;19,20,1;20,19,1|155,211,225
340|20,19,1;19,20,1;20,20,1;10,9,1|178,185,194
341|10,9,1;10,1,1;20,1,1;20,2,1;11,11,1;19,11,1|105,205,118,103,155
342|19,11,1;19,1,1;1,12,1;18,1,1;8,11,1|191,198,114,185
343|8,11,1;8,1,1;1,1,1;7,7,1|157,166,216
344|7,7,1;1,1,1;1,20,1;2,9,1|216,239,156
345|1,20,1;1,1,1;20,1,1;20,20,1|231,235,221
346|20,20,1;1,12,1;20,1,1;13,8,1;13,15,1|157,212,204,111
347|13,15,1;18,20,1;20,20,1;1,1,1|229,129,234
348|1,1,1;20,9,1;1,20,1;8,2,1|216,223,132
349|8,2,1;1,2,1;1,1,1;11,2,1;11,11,1|180,188,128,140
350|11,11,1;11,20,1;20,11,1;12,11,1|109,184,229
351|12,11,1;20,11,1;20,20,1;17,12,1;19,12,1;12,19,1|129,128,111,113,148
352|12,19,1;20,19,1;19,20,1;20,20,1|177,186,242
353|20,20,1;12,1,1;1,20,1;15,17,1|170,205,226
354|15,17,1;12,20,1;20,9,1;20,1,1|248,190,142
355|20,1,1;9,20,1;1,12,1;19,8,1;8,18,1|120,135,175,207
356|8,18,1;1,18,1;1,20,1;2,19,1;2,20,1|102,118,159,204
357|2,20,1;20,20,1;1,9,1;11,19,1;11,12,1|159,206,134,104
358|11,12,1;11,20,1;20,20,1;9,1,1;1,9,1|154,100,150,159
359|1,9,1;20,20,1;2,9,1;2,1,1|247,181,211
360|2,1,1;1,2,1;5,20,1;1,20,1;7,9,1;20,11,1|131,103,186,129,112
361|20,11,1;11,20,1;20,20,1;20,12,1;13,19,1|235,136,148,173
362|13,19,1;1,18,1;20,7,1;14,1,1;1,14,1|171,226,120,135
363|1,14,1;1,1,1;20,9,1;17,1,1;17,5,1|176,131,158,153
364|17,5,1;13,1,1;5,20,1;1,16,1;1,1,1|156,151,193,149
365|1,1,1;20,4,1;20,1,1;1,12,1;9,20,1|112,141,165,151
366|9,20,1;9,1,1;16,8,1;16,1,1|241,227,195
367|16,1,1;15,2,1;1,10,1;4,10,1;1,7,1|196,108,212,133
368|1,7,1;7,1,1;1,1,1;1,6,1;5,2,1|138,140,115,199
369|5,2,1;4,1,1;1,4,1;6,20,1;20,20,1|106,220,236,133
370|20,20,1;1,9,1;9,1,1;20,19,1;19,20,1|243,135,194,122
371|19,20,1;20,9,1;20,1,1;1,1,1|221,176,137
372|1,1,1;20,20,1;1,9,1;8,2,1|157,184,194
373|8,2,1;1,9,1;20,20,1;12,1,1;5,8,1|127,107,149,124
374|5,8,1;16,20,1;20,20,1;9,11,1;1,3,1|148,171,193,135
375|1,3,1;14,1,1;14,20,1;20,20,1|231,236,212
376|20,20,1;1,1,1;11,12,1;3,20,1|152,183,244
377|3,20,1;1,18,1;1,20,1;2,20,1|123,201,242
378|2,20,1;1,20,1;4,1,1;20,1,1;13,8,1|107,183,154,153
379|13,8,1;13,1,1;20,1,1;12,20,1|234,134,198
380|12,20,1;12,1,1;11,1,1;2,10,1;11,19,1|120,232,106,219
381|11,19,1;1,9,1;4,1,1;20,6,1|208,230,155
382|20,6,1;19,7,1;19,1,1;1,8,1;12,2,1|103,202,194,197
383|12,2,1;13,1,1;10,20,1;18,1,1|172,190,192
384|18,1,1;20,1,1;12,20,1;9,1,1;17,1,1|157,109,214,169
385|17,1,1;6,20,1;1,20,1;5,16,1|245,225,226
386|5,16,1;20,9,1;13,9,1;5,1,1;1,5,1|152,121,123,181
387|1,5,1;16,20,1;20,16,1;20,1,1|131,129,217
388|20,1,1;1,9,1;20,20,1;6,6,1;2,10,1|233,226,105,101
389|2,10,1;1,11,1;10,20,1;20,9,1;11,11,1|155,126,234,171
390|11,11,1;1,11,1;10,20,1;20,10,1|239,201,152
391|20,10,1;11,1,1;1,1,1;1,20,1|173,170,247
392|1,20,1;2,20,1;6,16,1;2,12,1;3,12,1|112,103,170,206
393|3,12,1;1,10,1;1,20,1;4,1,1;1,1,1|211,143,237,100
394|1,1,1;20,9,1;20,1,1;17,4,1|221,215,167
395|17,4,1;12,20,1;20,20,1;17,17,1|206,155,188
396|17,17,1;20,20,1;17,1,1;6,20,1;16,10,1|150,246,202,100
397|16,10,1;16,20,1;20,16,1;17,13,1|245,173,174
398|17,13,1;20,13,1;20,20,1;1,20,1;9,1,1|147,104,203,169
399|9,1,1;1,20,1;1,1,1;11,11,1|204,218,203
400|11,11,1;20,2,1;20,1,1;9,20,1|177,172,199
401|9,20,1;1,12,1;20,9,1;10,20,1;19,11,1;19,9,1|176,139,100,177,106
402|19,9,1;1,20,1;12,15,1;17,20,1;20,20,1|184,204,111,146
403|20,20,1;1,9,1;9,1,1;9,8,1;10,18,1|122,147,247,171
404|10,18,1;10,20,1;20,10,1;20,1,1;1,12,1|203,239,111,104
405|1,12,1;20,9,1;17,1,1;20,4,1;16,4,1|247,111,185,135
406|16,4,1;19,1,1;20,1,1;17,20,1;13,9,1|127,157,233,163
407|13,9,1;12,10,1;12,20,1;20,12,1;1,1,1|159,131,152,107
408|1,1,1;1,20,1;20,20,1;2,9,1;10,1,1|161,197,134,163
409|10,1,1;1,10,1;11,20,1;1,20,1|214,107,248
410|1,20,1;20,12,1;1,4,1;1,1,1;6,7,1|187,185,123,197
411|6,7,1;1,12,1;20,20,1;12,1,1|151,189,165
412|12,1,1;20,9,1;1,20,1;12,18,1;14,20,1|165,172,111,204
413|14,20,1;1,9,1;1,1,1;20,4,1|223,201,107
414|20,4,1;6,1,1;1,6,1;8,13,1;1,20,1|100,225,128,188
415|1,20,1;20,9,1;1,1,1;12,8,1;19,1,1|122,214,154,113
416|19,1,1;8,20,1;20,8,1;10,19,1;9,18,1|118,168,112,169
417|9,18,1;7,20,1;15,1,1;20,7,1|116,186,246
418|20,7,1;20,1,1;9,20,1;10,19,1;10,12,1|169,177,113,215
419|10,12,1;10,20,1;20,10,1;20,20,1;11,20,1|142,110,211,123
420|11,20,1;1,20,1;20,17,1;20,20,1;12,20,1|230,106,138,196
421|12,20,1;20,12,1;19,12,1;20,13,1|238,143,128
422|20,13,1;2,20,1;1,19,1;1,20,1;8,13,1|165,154,124,186
423|8,13,1;1,9,1;20,20,1;14,14,1|147,194,240
424|14,14,1;20,8,1;16,1,1;20,5,1|218,183,185
425|20,5,1;5,20,1;16,10,1;7,19,1;1,13,1|163,103,105,128
426|1,13,1;2,12,1;2,3,1;10,3,1|237,108,213
427|10,3,1;1,14,1;1,20,1;6,15,1|141,167,212
428|6,15,1;1,4,1;1,20,1;7,15,1;3,19,1|107,118,205,142
429|3,19,1;1,17,1;1,20,1;20,20,1;9,1,1|133,209,201,151
430|9,1,1;20,20,1;1,17,1;12,20,1;19,20,1|124,124,170,235
431|19,20,1;8,1,1;12,8,1;20,8,1|117,203,244
432|20,8,1;1,11,1;1,1,1;19,12,1;19,18,1|185,198,144,115
433|19,18,1;19,1,1;1,19,1;1,20,1|210,234,164
434|1,20,1;20,20,1;20,1,1;19,11,1|174,219,206
435|19,11,1;20,11,1;20,20,1;1,20,1;4,1,1|175,122,221,148
436|4,1,1;1,1,1;9,20,1;1,20,1;1,13,1|176,106,135,133
437|1,13,1;1,20,1;20,9,1;12,1,1;12,8,1|104,153,204,158
438|12,8,1;19,1,1;1,8,1;1,1,1;11,2,1|114,126,111,239
439|11,2,1;12,1,1;20,9,1;1,12,1;10,3,1|117,124,187,209
440|10,3,1;1,3,1;2,4,1;2,13,1|244,131,197
441|2,13,1;20,9,1;17,1,1;1,1,1;8,8,1|129,194,135,165
442|8,8,1;20,19,1;15,13,1;11,9,1;18,9,1|136,222,124,173
443|18,9,1;18,1,1;7,20,1;1,14,1;1,20,1|173,121,148,103
444|1,20,1;1,1,1;8,8,1;15,1,1;20,7,1;20,1,1|116,188,123,158,113
445|20,1,1;9,20,1;17,6,1;16,6,1;19,9,1|196,126,113,205
446|19,9,1;18,9,1;18,19,1;9,10,1|148,188,158
447|9,10,1;1,10,1;11,20,1;20,11,1|207,244,115
448|20,11,1;20,1,1;9,20,1;1,20,1|231,149,119
449|1,20,1;9,1,1;2,12,1;2,9,1|153,150,233
450|2,9,1;10,1,1;20,1,1;20,20,1|185,234,163
451|20,20,1;1,12,1;8,8,1;1,15,1;1,13,1|116,214,196,159
452|1,13,1;8,20,1;20,10,1;10,20,1;20,20,1|233,124,181,125
453|20,20,1;19,10,1;10,10,1;19,19,1;19,11,1|105,116,229,155
454|19,11,1;19,1,1;1,8,1;12,20,1|215,202,132
455|12,20,1;20,17,1;13,17,1;13,11,1;18,16,1|185,155,105,206
456|18,16,1;20,3,1;19,15,1;10,6,1;19,6,1|155,246,111,178
457|19,6,1;14,1,1;1,1,1;20,4,1;9,2,1|151,168,145,146
458|9,2,1;10,1,1;1,1,1;1,20,1;5,13,1;5,19,1|182,135,135,104,130
459|5,19,1;20,12,1;1,1,1;11,2,1;19,2,1|217,157,110,205
460|19,2,1;15,20,1;1,17,1;11,17,1;9,19,1|244,100,236,114
461|9,19,1;10,20,1;1,18,1;7,1,1|143,199,229
462|7,1,1;1,7,1;1,8,1;8,1,1|241,172,146
463|8,1,1;20,13,1;13,20,1;20,16,1;20,14,1|209,109,169,174
464|20,14,1;20,20,1;1,20,1;11,19,1|145,205,157
465|11,19,1;10,20,1;1,18,1;3,20,1|193,228,211
466|3,20,1;14,1,1;20,1,1;15,6,1;20,12,1|121,225,174,156
467|20,12,1;1,9,1;1,1,1;8,1,1;20,13,1|132,170,228,145
468|20,13,1;16,20,1;20,20,1;12,12,1|208,128,215
469|12,12,1;20,9,1;1,12,1;11,12,1|182,134,193
470|11,12,1;20,10,1;20,1,1;12,9,1;18,9,1|107,157,106,136
471|18,9,1;1,14,1;1,20,1;6,20,1|220,155,195
472|6,20,1;1,15,1;7,20,1;2,15,1|126,168,210
473|2,15,1;1,14,1;6,20,1;1,20,1;1,15,1|123,142,169,151
474|1,15,1;6,20,1;20,20,1;20,1,1;9,8,1|169,198,100,135
475|9,8,1;2,1,1;20,8,1;10,8,1|224,244,135
476|10,8,1;1,17,1;1,20,1;4,1,1|249,198,112
477|4,1,1;1,4,1;1,1,1;20,12,1|117,214,193
478|20,12,1;1,12,1;8,5,1;8,11,1;6,9,1|179,189,166,107
479|6,9,1;14,1,1;14,20,1;11,1,1;1,1,1|175,118,228,103
480|1,1,1;9,20,1;1,20,1;1,13,1;7,19,1|107,163,148,242
481|7,19,1;20,8,1;13,1,1;1,1,1;1,20,1|136,225,195,104
482|1,20,1;20,9,1;13,16,1;20,16,1;16,20,1|120,121,103,171
483|16,20,1;20,16,1;20,20,1;19,19,1;18,20,1|126,130,206,147
484|18,20,1;1,14,1;17,19,1;12,13,1|130,195,229
485|12,13,1;20,13,1;13,20,1;16,12,1|125,224,171
486|16,12,1;20,8,1;19,20,1;19,10,1;9,20,1|217,120,217,144
487|9,20,1;10,19,1;10,11,1;20,1,1|209,122,242
488|20,1,1;20,2,1;16,6,1;15,6,1|176,184,132
489|15,6,1;20,6,1;15,1,1;20,1,1;16,5,1|145,122,162,197
490|16,5,1;16,1,1;5,20,1;1,20,1|184,231,203
491|1,20,1;1,1,1;2,11,1;13,20,1|208,205,108
492|13,20,1;1,19,1;2,19,1;1,20,1|173,238,154
493|1,20,1;20,17,1;20,20,1;11,9,1;19,1,1|170,201,135,164
494|19,1,1;11,20,1;18,9,1;18,1,1;1,1,1|104,112,177,201
495|1,1,1;20,1,1;2,12,1;2,20,1|208,220,142
496|2,20,1;1,10,1;1,1,1;3,10,1;13,20,1|110,194,142,103
497|13,20,1;1,9,1;9,1,1;1,1,1|182,243,138
498|1,1,1;20,9,1;1,17,1;5,2,1;5,12,1|131,201,167,102
499|5,12,1;13,20,1;20,13,1;20,20,1;1,1,1|156,129,215,148
500|1,1,1;1,20,1;8,13,1;8,20,1;19,1,1|131,181,145,221
501|19,1,1;20,2,1;20,1,1;20,20,1;9,13,1;15,19,1|180,115,124,159,117
502|15,19,1;20,19,1;1,16,1;1,20,1|213,217,198
503|1,20,1;20,9,1;12,1,1;1,19,1;18,8,1|226,204,120,140
504|18,8,1;1,19,1;2,20,1;1,20,1|176,178,170
505|1,20,1;20,9,1;6,17,1;13,10,1;15,12,1|221,172,142,151
506|15,12,1;20,7,1;20,1,1;1,1,1|150,213,167
507|1,1,1;1,20,1;2,9,1;10,1,1;10,8,1|243,105,129,131
508|10,8,1;20,8,1;1,19,1;1,20,1|221,113,176
509|1,20,1;2,20,1;6,16,1;9,19,1|111,240,148
510|9,19,1;10,20,1;20,10,1;11,1,1;17,12,1|135,246,102,107
511|17,12,1;14,20,1;20,20,1;9,5,1;7,7,1|137,165,141,102
512|7,7,1;7,1,1;1,1,1;6,6,1|248,221,213
513|6,6,1;1,1,1;4,20,1;4,10,1|221,142,192
514|4,10,1;1,13,1;2,13,1;9,20,1;9,1,1|195,163,168,156
515|9,1,1;17,20,1;1,15,1;1,20,1|168,217,206
516|1,20,1;20,17,1;9,20,1;11,18,1;10,18,1|143,227,206,116
517|10,18,1;12,20,1;20,20,1;12,1,1|163,222,121
518|12,1,1;20,12,1;1,1,1;11,11,1|193,236,122
519|11,11,1;2,20,1;20,13,1;9,1,1|202,235,132
520|9,1,1;1,1,1;1,20,1;20,12,1;10,2,1|126,133,109,191
521|10,2,1;11,1,1;1,1,1;20,12,1|128,197,209
522|20,12,1;12,20,1;11,19,1;3,19,1|151,219,154
523|3,19,1;14,1,1;3,7,1;8,2,1;13,7,1|183,116,230,106
524|13,7,1;2,20,1;1,20,1;10,9,1|248,174,176
525|10,9,1;10,1,1;1,10,1;11,20,1;1,19,1|119,225,104,155
526|1,19,1;20,16,1;20,20,1;9,12,1|228,242,145
527|9,12,1;20,20,1;9,11,1;1,11,1;11,1,1|243,148,164,102
528|11,1,1;20,10,1;20,1,1;17,20,1|138,248,130
529|17,20,1;1,9,1;8,13,1;6,13,1;6,10,1|161,113,194,223
530|6,10,1;6,20,1;1,15,1;1,20,1;5,20,1|147,119,118,213
531|5,20,1;13,1,1;1,1,1;4,12,1;4,20,1;1,17,1|101,100,246,135,111
532|1,17,1;1,20,1;20,17,1;17,20,1|189,220,242
533|17,20,1;20,17,1;20,20,1;1,1,1|127,235,197
534|1,1,1;20,20,1;13,2,1;4,11,1|168,206,128
535|4,11,1;1,8,1;20,8,1;20,1,1|114,210,232
536|20,1,1;1,9,1;8,9,1;1,13,1|169,229,248
537|1,13,1;1,20,1;20,20,1;1,1,1|245,174,224
538|1,1,1;4,20,1;1,20,1;1,2,1;11,2,1;2,11,1|175,115,117,179,103
539|2,11,1;2,20,1;1,10,1;1,1,1|158,217,244
540|1,1,1;1,20,1;20,12,1;13,12,1|240,134,167
541|13,12,1;20,8,1;10,8,1;20,18,1;20,20,1|146,169,108,195
542|20,20,1;20,1,1;1,9,1;8,20,1;20,10,1|176,115,232,108
543|20,10,1;10,20,1;20,20,1;20,11,1|214,117,210
544|20,11,1;20,1,1;1,12,1;10,12,1|248,169,183
545|10,12,1;18,20,1;20,18,1;17,18,1;15,20,1|226,109,136,121
546|15,20,1;20,15,1;12,1,1;12,14,1;20,14,1|137,187,173,138
547|20,14,1;1,3,1;19,14,1;13,20,1;13,15,1|149,107,232,121
548|13,15,1;13,20,1;20,20,1;1,12,1|248,188,247
549|1,12,1;9,20,1;12,1,1;20,1,1|210,145,177
550|20,1,1;20,20,1;1,20,1;4,1,1;1,1,1|152,121,131,163
551|1,1,1;20,1,1;10,2,1;18,2,1;20,4,1|102,151,228,111
552|20,4,1;15,20,1;19,9,1;19,15,1|206,189,200
553|19,15,1;20,15,1;20,20,1;1,12,1|246,158,210
554|1,12,1;20,9,1;20,1,1;17,4,1|209,167,212
555|17,4,1;20,7,1;20,1,1;1,20,1|212,201,138
556|1,20,1;20,17,1;20,20,1;11,9,1|226,201,195
557|11,9,1;20,11,1;20,20,1;12,12,1;18,12,1;18,11,1|165,117,104,108,204
558|18,11,1;18,1,1;20,1,1;17,1,1|244,207,122
559|17,1,1;1,7,1;10,7,1;1,16,1|216,243,191
560|1,16,1;1,20,1;20,17,1;15,1,1|200,198,206
561|15,1,1;20,1,1;1,4,1;4,1,1|226,217,131
562|4,1,1;20,12,1;12,20,1;20,20,1;17,17,1|126,154,146,139
563|17,17,1;16,17,1;7,8,1;7,16,1|126,242,152
564|7,16,1;7,20,1;1,20,1;9,1,1;13,12,1|120,156,161,157
565|13,12,1;1,1,1;1,20,1;20,20,1;2,16,1|204,200,121,160
566|2,16,1;17,1,1;20,4,1;14,9,1|249,182,205
567|14,9,1;11,1,1;20,10,1;15,10,1;15,6,1|128,140,110,240
568|15,6,1;10,1,1;1,1,1;9,20,1;10,9,1|136,204,141,113
569|10,9,1;18,1,1;20,3,1;15,20,1;20,15,1|228,106,110,206
570|20,15,1;9,1,1;20,14,1;14,20,1;1,11,1|148,154,143,107
571|1,11,1;11,1,1;1,1,1;5,5,1|190,190,139
572|5,5,1;12,1,1;12,4,1;1,1,1|181,246,227
573|1,1,1;20,4,1;20,20,1;9,10,1;18,1,1|160,128,191,106
574|18,1,1;20,12,1;10,2,1;10,3,1|182,239,203
575|10,3,1;10,1,1;1,10,1;20,18,1|200,150,208
576|20,18,1;18,20,1;20,20,1;20,19,1;1,16,1|146,116,117,199
577|1,16,1;20,16,1;16,20,1;20,20,1;19,19,1|118,110,220,168
578|19,19,1;1,8,1;12,13,1;8,9,1;16,1,1|150,117,109,231
579|16,1,1;20,1,1;17,20,1;20,17,1|239,249,191
580|20,17,1;15,1,1;20,1,1;20,5,1|133,185,226
581|20,5,1;16,1,1;1,12,1;1,20,1|206,120,194
582|1,20,1;9,1,1;17,20,1;13,13,1;20,13,1;20,20,1|112,140,130,105,164
583|20,20,1;1,20,1;20,9,1;20,1,1|189,135,229
584|20,1,1;12,20,1;20,20,1;17,17,1|236,157,215
585|17,17,1;14,20,1;6,1,1;1,1,1|207,232,163
586|1,1,1;12,20,1;20,12,1;13,5,1|151,240,218
587|13,5,1;2,1,1;1,2,1;1,1,1|238,202,153
588|1,1,1;1,20,1;2,9,1;6,13,1;2,17,1;2,18,1|170,150,124,126,122
589|2,18,1;4,20,1;5,19,1;4,19,1;1,16,1|194,159,189,119
590|1,16,1;12,20,1;20,12,1;19,11,1;19,12,1|192,211,123,114
591|19,12,1;20,13,1;13,20,1;20,20,1;20,14,1|142,117,154,214
592|20,14,1;14,20,1;1,20,1;1,1,1|232,179,224
593|1,1,1;20,4,1;12,1,1;12,3,1;11,3,1|238,124,157,114
594|11,3,1;9,1,1;1,1,1;1,20,1;20,12,1|101,238,192,149
595|20,12,1;1,9,1;12,5,1;6,5,1;10,1,1|215,152,220,106
596|10,1,1;2,20,1;1,20,1;9,12,1|239,237,190
597|9,12,1;9,20,1;1,20,1;8,13,1|213,160,143
598|8,13,1;15,20,1;20,9,1;16,13,1;20,17,1|203,207,115,172
599|20,17,1;20,20,1;12,1,1;20,1,1;20,8,1|171,163,202,118
600|20,8,1;13,1,1;20,1,1;20,7,1|242,154,219
601|20,7,1;7,20,1;1,20,1;8,13,1|166,100,207
602|8,13,1;9,1,1;20,20,1;12,6,1|156,238,178
603|12,6,1;11,6,1;16,1,1;20,5,1|230,131,197
604|20,5,1;1,16,1;1,20,1;4,17,1|117,175,190
605|4,17,1;10,1,1;1,10,1;5,14,1|161,248,168
606|5,14,1;11,20,1;1,20,1;5,16,1|205,179,215
607|5,16,1;9,20,1;1,20,1;10,20,1;2,12,1|178,134,143,156
608|2,12,1;10,20,1;1,20,1;20,9,1;10,19,1|108,100,249,216
609|10,19,1;9,20,1;1,12,1;20,4,1|126,108,247
610|20,4,1;17,1,1;1,17,1;12,7,1;6,1,1|197,116,103,189
611|6,1,1;1,1,1;12,20,1;5,13,1;1,17,1|121,232,166,147
612|1,17,1;12,20,1;1,18,1;2,19,1|112,202,249
613|2,19,1;2,20,1;20,13,1;1,2,1;8,13,1|155,181,158,200
614|8,13,1;1,20,1;20,1,1;2,8,1;1,7,1|164,131,138,206
615|1,7,1;7,1,1;1,1,1;1,6,1|104,239,247
616|1,6,1;2,7,1;2,20,1;11,11,1|162,205,135
617|11,11,1;1,1,1;9,20,1;12,1,1;20,1,1|187,138,138,226
618|20,1,1;1,1,1;4,20,1;20,20,1|122,199,200
619|20,20,1;12,1,1;12,2,1;13,1,1;20,8,1|162,114,145,165
620|20,8,1;8,20,1;19,10,1;10,1,1;2,20,1|139,189,106,200
621|2,20,1;1,20,1;20,12,1;1,1,1|183,139,208
622|1,1,1;1,20,1;20,12,1;17,20,1|176,211,213
623|17,20,1;1,4,1;4,1,1;20,12,1;20,20,1|128,241,142,141
624|20,20,1;1,12,1;12,19,1;20,11,1;12,11,1|121,218,115,211
625|12,11,1;20,3,1;20,1,1;19,2,1;10,2,1;10,10,1|102,176,102,120,121
626|10,10,1;1,10,1;11,20,1;1,20,1;1,11,1|203,221,137,118
627|1,11,1;1,20,1;20,1,1;1,1,1|239,206,137
628|1,1,1;20,9,1;20,1,1;13,1,1|173,201,214
629|13,1,1;1,11,1;1,20,1;12,3,1;20,11,1|163,199,150,154
630|20,11,1;11,20,1;20,20,1;1,1,1|209,244,166
631|1,1,1;20,9,1;1,12,1;11,2,1|205,233,135
632|11,2,1;1,12,1;1,20,1;20,9,1;6,17,1|184,245,102,104
633|6,17,1;1,6,1;5,17,1;2,14,1;5,14,1|199,130,156,126
634|5,14,1;20,14,1;11,1,1;1,1,1;20,9,1|138,165,105,231
635|20,9,1;20,1,1;1,4,1;1,1,1|233,248,124
636|1,1,1;20,9,1;17,1,1;13,1,1|226,176,167
637|13,1,1;12,1,1;12,10,1;2,20,1|135,204,197
638|2,20,1;10,1,1;20,11,1;20,1,1|187,198,211
639|20,1,1;10,12,1;18,20,1;14,13,1|236,117,245
640|14,13,1;20,19,1;20,20,1;1,12,1|188,185,112
641|1,12,1;20,9,1;20,1,1;13,1,1;19,7,1|222,103,190,163
642|19,7,1;2,1,1;1,1,1;9,20,1|196,209,120
643|9,20,1;9,19,1;1,11,1;1,20,1|245,158,237
644|1,20,1;20,20,1;9,1,1;16,8,1|226,195,219
645|16,8,1;15,9,1;6,9,1;20,20,1;14,15,1|135,248,130,127
646|14,15,1;14,20,1;20,9,1;12,1,1|123,241,239
647|12,1,1;4,20,1;1,17,1;1,20,1|247,114,175
648|1,20,1;20,12,1;2,19,1;12,19,1|106,234,236
649|12,19,1;13,20,1;1,19,1;1,20,1;12,18,1|247,120,173,106
650|12,18,1;10,20,1;1,20,1;1,19,1|203,158,165
651|1,19,1;12,1,1;20,9,1;2,9,1;13,10,1|180,172,116,168
652|13,10,1;13,20,1;1,20,1;12,19,1;2,19,1|127,208,122,215
653|2,19,1;1,18,1;7,1,1;2,17,1|239,137,207
654|2,17,1;7,1,1;20,10,1;19,10,1;20,11,1|195,181,141,178
655|20,11,1;10,1,1;1,10,1;2,20,1;2,11,1|177,140,236,118
656|2,11,1;1,12,1;1,20,1;12,1,1;20,9,1|109,236,126,220
657|20,9,1;20,10,1;11,1,1;1,11,1|110,236,204
658|1,11,1;11,1,1;20,12,1;12,20,1;1,12,1|219,165,157,102
659|1,12,1;2,11,1;2,20,1;4,11,1;4,10,1;14,20,1|141,126,191,101,103
660|14,20,1;14,1,1;1,10,1;10,1,1|145,111,222
661|10,1,1;1,1,1;20,4,1;9,11,1;12,11,1|121,189,143,103
662|12,11,1;3,20,1;20,20,1;9,1,1|137,223,176
663|9,1,1;1,1,1;20,1,1;12,20,1;4,6,1|128,108,115,237
664|4,6,1;9,1,1;1,1,1;4,4,1|185,132,182
665|4,4,1;4,1,1;20,1,1;16,5,1|234,187,238
666|16,5,1;16,1,1;20,5,1;20,1,1|174,208,153
667|20,1,1;19,1,1;19,10,1;9,20,1;1,20,1|147,177,156,128
668|1,20,1;9,1,1;1,1,1;1,8,1;7,2,1|143,192,107,234
669|7,2,1;1,19,1;1,20,1;8,5,1|219,142,233
670|8,5,1;1,5,1;5,1,1;16,20,1|192,164,200
671|16,20,1;1,5,1;5,1,1;5,8,1|118,227,232
672|5,8,1;20,12,1;17,15,1;17,10,1;20,7,1|170,136,155,188
673|20,7,1;14,1,1;1,3,1;1,1,1|171,196,123
674|1,1,1;20,20,1;20,1,1;13,8,1;13,12,1|169,157,145,181
675|13,12,1;12,12,1;4,20,1;1,20,1;8,13,1|174,129,126,175
676|8,13,1;8,20,1;20,20,1;10,19,1;9,19,1|158,174,139,222
677|9,19,1;1,19,1;1,20,1;20,20,1|206,213,182
678|20,20,1;12,1,1;2,2,1;2,11,1;10,11,1|158,179,109,217
679|10,11,1;1,11,1;11,1,1;20,10,1;20,1,1|102,136,160,234
680|20,1,1;9,20,1;20,13,1;14,19,1;19,19,1|102,216,161,176
681|19,19,1;15,1,1;20,6,1;20,1,1;16,1,1|155,176,102,176
682|16,1,1;20,5,1;20,1,1;17,1,1;19,3,1|104,243,139,128
683|19,3,1;2,20,1;1,19,1;1,20,1;12,1,1;20,9,1|131,152,104,105,126
684|20,9,1;9,1,1;16,8,1;16,1,1|152,174,200
685|16,1,1;20,8,1;1,19,1;2,20,1|228,141,232
686|2,20,1;20,20,1;9,19,1;18,19,1|229,175,181
687|18,19,1;17,20,1;14,1,1;1,1,1|232,214,119
688|1,1,1;20,9,1;13,9,1;20,16,1|192,181,126
689|20,16,1;16,1,1;20,1,1;20,4,1;12,1,1|144,167,119,113
690|12,1,1;11,1,1;20,10,1;20,20,1;20,1,1|194,143,160,138
691|20,1,1;1,9,1;1,1,1;4,4,1;4,1,1|190,173,137,192
692|4,1,1;4,2,1;8,6,1;8,7,1;1,18,1;1,20,1|107,104,140,143,188
693|1,20,1;9,1,1;17,20,1;2,16,1;12,16,1|108,161,184,220
694|12,16,1;12,20,1;20,12,1;19,11,1|174,209,221
695|19,11,1;19,20,1;20,19,1;13,1,1;20,5,1|145,113,120,176
696|20,5,1;16,1,1;1,1,1;15,12,1;15,20,1|127,204,144,189
697|15,20,1;20,20,1;12,1,1;1,20,1|131,243,151
698|1,20,1;1,1,1;2,11,1;13,1,1|189,199,213
699|13,1,1;20,8,1;20,20,1;1,20,1;12,19,1|188,112,103,209
700|12,19,1;11,19,1;20,10,1;20,20,1;16,16,1|168,192,121,209
701|16,16,1;1,12,1;20,4,1;20,1,1;1,1,1|124,168,137,107
702|1,1,1;1,2,1;10,2,1;2,10,1;12,20,1;12,2,1|112,153,123,116,117
703|12,2,1;11,1,1;1,1,1;9,20,1;1,20,1|118,228,195,156
704|1,20,1;20,20,1;19,19,1;19,10,1;10,19,1|203,186,160,134
705|10,19,1;10,20,1;1,11,1;20,19,1;11,10,1|175,201,121,123
706|11,10,1;11,1,1;20,10,1;20,20,1|170,188,158
707|20,20,1;12,1,1;20,1,1;17,4,1|222,215,100
708|17,4,1;1,10,1;1,1,1;12,8,1;1,20,1|159,114,197,160
709|1,20,1;2,19,1;3,20,1;2,20,1|226,192,164
710|2,20,1;10,1,1;20,11,1;20,20,1;12,12,1|121,168,248,137
711|12,12,1;1,20,1;8,13,1;2,13,1;2,18,1|120,179,128,170
712|2,18,1;4,20,1;1,9,1;9,1,1;1,1,1;4,4,1|108,132,121,100,111
713|4,4,1;1,1,1;5,5,1;2,5,1;8,11,1|187,215,104,176
714|8,11,1;10,20,1;1,11,1;1,1,1;20,9,1|201,120,240,102
715|20,9,1;1,9,1;8,16,1;8,20,1|195,170,188
716|8,20,1;1,20,1;1,1,1;2,11,1|141,172,236
717|2,11,1;1,10,1;1,20,1;9,1,1|201,119,222
718|9,1,1;12,20,1;1,1,1;8,1,1;8,8,1|233,118,149,124
719|8,8,1;1,15,1;20,15,1;10,14,1;7,11,1|127,113,188,175
720|7,11,1;1,5,1;5,1,1;1,1,1|128,235,229
721|1,1,1;20,4,1;14,20,1;18,16,1;11,16,1|154,183,166,140
722|11,16,1;1,6,1;1,1,1;20,1,1;20,20,1|135,127,200,165
723|20,20,1;20,1,1;1,9,1;1,1,1|122,240,147
724|1,1,1;9,20,1;10,20,1;14,16,1|184,195,229
725|14,16,1;3,1,1;1,3,1;2,4,1|228,211,160
726|2,4,1;1,3,1;12,1,1;1,2,1;11,2,1|243,105,126,101
727|11,2,1;11,1,1;20,10,1;10,20,1|241,166,197
728|10,20,1;1,20,1;20,1,1;1,9,1;11,9,1|208,163,108,183
729|11,9,1;19,1,1;20,2,1;19,3,1|240,171,100
730|19,3,1;19,1,1;20,1,1;20,20,1;1,12,1|203,151,159,118
731|1,12,1;1,20,1;12,1,1;20,9,1;9,13,1|160,156,102,235
732|9,13,1;10,1,1;20,1,1;10,11,1|225,118,209
733|10,11,1;10,20,1;20,10,1;20,20,1|240,175,157
734|20,20,1;1,12,1;16,12,1;5,6,1|179,177,171
735|5,6,1;1,10,1;1,1,1;20,1,1;9,2,1|145,237,181,105
736|9,2,1;16,20,1;20,20,1;14,3,1;13,4,1|228,120,200,142
737|13,4,1;18,20,1;1,20,1;1,1,1|179,101,196
738|1,1,1;20,20,1;13,9,1;13,12,1|126,155,230
739|13,12,1;20,12,1;12,12,1;12,20,1;1,1,1|106,143,193,166
740|1,1,1;1,2,1;5,6,1;5,2,1;10,2,1|138,168,142,114
741|10,2,1;20,12,1;12,20,1;20,20,1|211,170,139
742|20,20,1;17,1,1;20,12,1;20,19,1|102,184,207
743|20,19,1;20,20,1;1,9,1;1,1,1|233,166,235
744|1,1,1;1,20,1;2,9,1;2,1,1|169,212,148
745|2,1,1;1,1,1;1,2,1;10,11,1|181,131,201
746|10,11,1;20,1,1;1,1,1;11,2,1|242,210,202
747|11,2,1;12,1,1;4,20,1;10,3,1;20,13,1|229,132,116,137
748|20,13,1;20,20,1;1,9,1;1,1,1|190,197,146
749|1,1,1;1,20,1;2,9,1;10,1,1;20,1,1|119,143,170,204
750|20,1,1;12,20,1;11,20,1;7,16,1|101,232,168
751|7,16,1;1,10,1;1,1,1;12,20,1|164,121,205
752|12,20,1;20,20,1;1,1,1;12,11,1;20,3,1|118,186,177,119
753|20,3,1;1,3,1;12,4,1;20,12,1|193,127,183
754|20,12,1;20,20,1;1,12,1;20,9,1|150,242,211
755|20,9,1;1,20,1;19,9,1;11,1,1;20,1,1|214,170,116,171
756|20,1,1;1,4,1;4,1,1;1,1,1|238,160,167
757|1,1,1;20,1,1;10,11,1;7,8,1;4,11,1|102,122,126,225
758|4,11,1;14,1,1;14,20,1;1,20,1;13,10,1|160,199,194,145
759|13,10,1;13,20,1;1,9,1;6,15,1|226,241,146
760|6,15,1;6,20,1;20,17,1;20,20,1;1,17,1|249,144,106,127
761|1,17,1;1,20,1;4,1,1;8,12,1|200,119,222
762|8,12,1;1,5,1;20,5,1;9,20,1;1,12,1|174,196,126,185
763|1,12,1;9,20,1;10,20,1;19,11,1|247,145,230
764|19,11,1;20,11,1;11,20,1;1,10,1|212,141,247
765|1,10,1;20,2,1;10,1,1;1,1,1|155,160,222
766|1,1,1;12,20,1;20,12,1;2,1,1;13,2,1|174,194,116,211
767|13,2,1;14,1,1;6,20,1;1,20,1|180,217,120
768|1,20,1;20,1,1;9,11,1;1,3,1|224,175,186
769|1,3,1;1,1,1;20,1,1;9,20,1;1,12,1|122,126,181,102
770|1,12,1;20,1,1;13,12,1;19,6,1;19,11,1|134,156,169,100
771|19,11,1;9,1,1;20,20,1;19,10,1|208,180,249
772|19,10,1;19,1,1;20,12,1;15,7,1;11,11,1|109,114,140,176
773|11,11,1;11,20,1;1,10,1;1,1,1|199,173,152
774|1,1,1;12,20,1;20,20,1;13,13,1|189,240,217
775|13,13,1;13,20,1;20,13,1;20,20,1;14,14,1|110,146,149,113
776|14,14,1;1,14,1;1,1,1;2,2,1;3,1,1|168,188,132,200
777|3,1,1;1,1,1;1,20,1;4,1,1;2,3,1|111,131,192,228
778|2,3,1;2,1,1;1,2,1;1,1,1|174,199,186
779|1,1,1;20,1,1;17,20,1;1,15,1;1,20,1|195,182,182,104
780|1,20,1;1,1,1;20,9,1;13,9,1;6,2,1|191,145,105,212
781|6,2,1;6,1,1;1,1,1;20,4,1|225,234,148
782|20,4,1;1,15,1;6,20,1;17,8,1|122,208,147
783|17,8,1;1,8,1;2,20,1;20,16,1|219,232,167
784|20,16,1;16,1,1;19,15,1;19,5,1;17,5,1|191,176,158,117
785|17,5,1;17,20,1;1,20,1;12,1,1|215,208,173
786|12,1,1;20,9,1;20,1,1;17,4,1|243,189,111
787|17,4,1;17,1,1;20,1,1;18,3,1|179,170,233
788|18,3,1;18,1,1;20,1,1;20,20,1|112,221,173
789|20,20,1;1,1,1;20,1,1;10,2,1;3,2,1|145,197,103,219
790|3,2,1;2,1,1;20,8,1;20,20,1;1,12,1|147,177,134,222
791|1,12,1;9,20,1;1,20,1;1,13,1|235,223,134
792|1,13,1;5,20,1;1,16,1;3,14,1;3,17,1|101,246,124,177
793|3,17,1;8,1,1;1,1,1;2,11,1;2,2,1|224,132,158,180
794|2,2,1;1,1,1;20,1,1;20,20,1|176,135,221
795|20,20,1;19,19,1;19,10,1;9,20,1;9,10,1|128,144,197,203
796|9,10,1;1,18,1;3,20,1;20,20,1|191,204,122
797|20,20,1;19,9,1;19,1,1;20,2,1|193,185,224
798|20,2,1;19,1,1;1,1,1;9,20,1|183,217,199
799|9,20,1;12,1,1;20,1,1;17,4,1|204,221,118
800|17,4,1;20,15,1;10,5,1;1,14,1|169,217,175
801|1,14,1;7,20,1;1,20,1;3,18,1;1,18,1|110,228,166,102
802|1,18,1;20,7,1;14,1,1;1,12,1|220,216,144
803|1,12,1;9,20,1;1,20,1;1,13,1|239,203,200
804|1,13,1;5,20,1;5,14,1;10,14,1|219,117,234
805|10,14,1;1,14,1;20,6,1;7,15,1;18,9,1|137,155,158,228
806|18,9,1;1,3,1;1,20,1;20,1,1|218,168,187
807|20,1,1;12,20,1;9,1,1;19,1,1;4,8,1|137,141,108,186
808|4,8,1;20,14,1;10,13,1;20,13,1;16,9,1|158,141,193,185
809|16,9,1;20,13,1;19,1,1;20,1,1|106,220,247
810|20,1,1;20,20,1;1,17,1;4,20,1;11,13,1|101,104,236,220
811|11,13,1;11,20,1;1,20,1;12,1,1;20,4,1|137,180,131,219
812|20,4,1;20,20,1;1,12,1;19,19,1;12,1,1|193,134,168,150
813|12,1,1;9,20,1;1,20,1;4,17,1;4,16,1|199,217,146,102
814|4,16,1;4,1,1;1,4,1;1,1,1|113,159,236
815|1,1,1;1,20,1;20,1,1;13,19,1;13,9,1|124,192,215,167
816|13,9,1;20,16,1;19,5,1;15,1,1|224,243,207
817|15,1,1;1,4,1;1,1,1;3,1,1|160,181,181
818|3,1,1;20,7,1;18,20,1;19,9,1|173,189,249
819|19,9,1;11,1,1;1,11,1;12,20,1|127,235,149
820|12,20,1;4,1,1;1,1,1;8,8,1|211,216,126
821|8,8,1;20,9,1;1,20,1;7,9,1;2,14,1|140,128,204,226
822|2,14,1;2,20,1;1,19,1;1,1,1|179,208,154
823|1,1,1;20,20,1;1,12,1;11,12,1;18,19,1|163,151,112,206
824|18,19,1;19,20,1;1,20,1;12,1,1;1,19,1|145,215,181,129
825|1,19,1;1,20,1;20,17,1;6,20,1;17,18,1|128,180,154,194
826|17,18,1;17,1,1;16,11,1;5,1,1;14,10,1|174,146,133,175
827|14,10,1;5,1,1;1,5,1;8,20,1|248,139,246
828|8,20,1;20,8,1;19,20,1;9,20,1;19,10,1|170,155,127,148
829|19,10,1;10,1,1;1,3,1;9,3,1;7,1,1|128,132,220,128
830|7,1,1;20,3,1;3,20,1;1,20,1|170,218,196
831|1,20,1;20,12,1;20,20,1;17,17,1|194,144,153
832|17,17,1;17,20,1;20,20,1;1,17,1;1,20,1|142,104,248,202
833|1,20,1;9,1,1;20,20,1;9,2,1|247,176,206
834|9,2,1;8,1,1;1,1,1;20,12,1;9,20,1|128,231,205,123
835|9,20,1;1,12,1;20,4,1;13,4,1|142,211,222
836|13,4,1;16,1,1;20,5,1;13,1,1|238,232,179
837|13,1,1;1,11,1;1,20,1;3,9,1|210,214,199
838|3,9,1;20,9,1;9,15,1;13,19,1;13,11,1|113,100,243,230
839|13,11,1;13,1,1;20,12,1;14,1,1;19,6,1|166,182,121,216
840|19,6,1;20,5,1;16,1,1;20,12,1|206,222,234
841|20,12,1;1,4,1;1,1,1;12,11,1;3,2,1|138,113,158,182
842|3,2,1;1,4,1;20,15,1;13,8,1|245,223,125
843|13,8,1;12,20,1;11,20,1;2,11,1|223,237,208
844|2,11,1;12,1,1;11,1,1;7,5,1;7,2,1|223,120,172,182
845|7,2,1;20,11,1;10,1,1;1,1,1;1,20,1|137,197,133,114
846|1,20,1;1,1,1;20,12,1;20,20,1|202,160,208
847|20,20,1;1,9,1;10,9,1;18,1,1;20,1,1|100,166,124,240
848|20,1,1;20,2,1;16,6,1;16,7,1;19,10,1|124,191,184,172
849|19,10,1;20,11,1;20,1,1;9,20,1|154,203,240
850|9,20,1;1,20,1;20,12,1;9,11,1|209,194,214
851|9,11,1;9,1,1;10,1,1;14,5,1|219,201,124
852|14,5,1;20,11,1;20,1,1;16,5,1;16,1,1|147,234,164,113
853|16,1,1;20,5,1;20,1,1;19,2,1|125,237,140
854|19,2,1;1,9,1;20,12,1;11,3,1;11,19,1|132,107,156,125
855|11,19,1;12,20,1;20,12,1;19,12,1;11,20,1|218,239,117,122
856|11,20,1;11,1,1;1,11,1;10,20,1|164,237,204
857|10,20,1;20,10,1;20,1,1;17,20,1;11,20,1|197,103,161,172
858|11,20,1;1,10,1;10,1,1;1,1,1|246,212,152
859|1,1,1;20,20,1;10,9,1;10,1,1;17,8,1;11,8,1|132,104,163,103,189
860|11,8,1;20,8,1;20,1,1;14,7,1;8,1,1|133,139,183,189
861|8,1,1;20,12,1;20,11,1;11,2,1;19,2,1|221,109,199,129
862|19,2,1;1,13,1;8,20,1;1,20,1;7,14,1;3,14,1|123,154,157,130,104
863|3,14,1;1,1,1;12,11,1;20,3,1|214,177,192
864|20,3,1;20,20,1;19,10,1;10,1,1|195,178,167
865|10,1,1;1,10,1;12,20,1;10,11,1|213,228,243
866|10,11,1;19,20,1;20,20,1;1,9,1;9,12,1|181,116,193,127
867|9,12,1;1,12,1;1,20,1;8,13,1;8,20,1|123,110,204,226
868|8,20,1;20,8,1;20,20,1;19,10,1|151,222,202
869|19,10,1;18,20,1;18,11,1;9,20,1|214,200,190
870|9,20,1;9,1,1;12,20,1;10,18,1;17,11,1|103,156,178,200
871|17,11,1;20,8,1;20,20,1;18,9,1|234,233,197
872|18,9,1;17,9,1;17,1,1;20,4,1|236,170,120
873|20,4,1;12,1,1;20,1,1;20,3,1;19,2,1;19,3,1|150,109,128,103,146
874|19,3,1;20,3,1;18,1,1|238,232
875|18,1,1;18,20,1;20,18,1;13,7,1;9,11,1|103,189,108,138
876|1,20,1;1,1,1;20,20,1;10,9,1|249,149,225
877|10,9,1;20,20,1;11,11,1;11,19,1|189,139,177
878|11,19,1;20,10,1;20,1,1;1,1,1|129,242,198
879|1,1,1;20,9,1;2,2,1;16,10,1;20,10,1|149,243,103,199
880|20,10,1;11,1,1;11,20,1;20,11,1|161,240,112
881|20,11,1;10,1,1;20,1,1;20,10,1;12,2,1|206,166,116,139
882|12,2,1;2,3,1;15,1,1;12,12,1;20,20,1|124,229,113,150
883|20,20,1;20,1,1;1,20,1;11,9,1;3,1,1|144,166,155,222
884|3,1,1;1,3,1;14,1,1;4,1,1|163,178,198
885|4,1,1;1,1,1;12,20,1;20,20,1;20,1,1|102,125,115,139
886|20,1,1;19,12,1;10,3,1;12,1,1;19,1,1|146,132,162,192
887|19,1,1;1,5,1;16,1,1;16,3,1|226,178,203
888|16,3,1;16,1,1;1,16,1;8,20,1|127,229,190
889|8,20,1;1,20,1;20,1,1;20,20,1;9,13,1|105,190,234,155
890|9,13,1;2,20,1;1,20,1|248,230
891|1,20,1;20,17,1;13,17,1;20,10,1|191,127,185
892|20,10,1;1,10,1;10,1,1;10,9,1|215,166,183
893|10,9,1;1,18,1;1,20,1;20,17,1|197,228,129
894|20,17,1;19,16,1;19,7,1;9,7,1|117,239,178
895|9,7,1;1,15,1;12,20,1;20,12,1;5,12,1|182,221,120,110
896|5,12,1;20,16,1;17,8,1;19,10,1|193,169,193
897|19,10,1;19,20,1;8,1,1;20,2,1|240,158,184
898|20,2,1;20,1,1;19,1,1;10,10,1|189,203,131
899|10,10,1;20,20,1;1,17,1;6,1,1|103,173,229
900|6,1,1;14,20,1;20,20,1;17,1,1;7,1,1|122,118,170,199
901|7,1,1;18,20,1;7,2,1;6,1,1|227,140,243
902|6,1,1;20,1,1;18,3,1;20,5,1|166,201,247
903|20,5,1;16,1,1;20,1,1;20,4,1|159,216,200
904|20,4,1;1,15,1;4,1,1;20,12,1;17,9,1|185,127,232,138
905|17,9,1;17,10,1;20,7,1;14,1,1;13,11,1;20,4,1|122,202,108,103,150
906|20,4,1;15,20,1;20,20,1;20,16,1|167,160,201
907|20,16,1;9,20,1;1,20,1;8,16,1;2,11,1|193,145,113,134
908|2,11,1;1,12,1;1,20,1;20,1,1;13,19,1|132,119,146,231
909|13,19,1;2,20,1;20,13,1;20,20,1;14,20,1|116,194,183,153
910|14,20,1;11,1,1;20,1,1;9,14,1;15,20,1|217,167,101,203
911|15,20,1;20,20,1;1,12,1;12,11,1|150,242,234
912|12,11,1;20,11,1;11,20,1;1,19,1|191,182,188
913|1,19,1;19,1,1;20,1,1;9,20,1|153,188,230
914|9,20,1;1,20,1;20,12,1;13,12,1|217,111,249
915|13,12,1;1,11,1;1,1,1;20,9,1;7,11,1|220,169,148,110
916|7,11,1;7,20,1;18,1,1;20,1,1;19,2,1|101,207,213,142
917|19,2,1;9,13,1;9,20,1;15,14,1|245,102,206
918|15,14,1;6,1,1;6,4,1;1,9,1;12,12,1|159,116,142,212
919|12,12,1;20,12,1;1,20,1;20,20,1|202,225,230
920|20,20,1;1,17,1;12,1,1;1,5,1|246,217,188
921|1,5,1;1,20,1;20,12,1;2,19,1;12,19,1|109,165,217,156
922|12,19,1;20,8,1;19,20,1;2,9,1|245,241,197
923|2,9,1;10,1,1;20,1,1;20,20,1|214,141,165
924|20,20,1;1,17,1;1,20,1;12,13,1;20,5,1|111,187,168,210
925|20,5,1;20,1,1;1,9,1;8,9,1;1,16,1|163,142,242,140
926|1,16,1;5,20,1;1,9,1;9,1,1;1,1,1|204,214,106,174
927|1,1,1;20,4,1;20,5,1;16,9,1;16,10,1|141,103,150,163
928|16,10,1;20,10,1;20,20,1;9,1,1;17,9,1|118,128,240,151
929|17,9,1;20,12,1;12,20,1;12,1,1;4,15,1|133,116,208,230
930|4,15,1;9,20,1;12,1,1;4,20,1;8,20,1|160,120,232,162
931|8,20,1;1,9,1;9,1,1;1,1,1|193,221,178
932|1,1,1;2,1,1;6,5,1;7,5,1|238,104,249
933|7,5,1;3,1,1;1,1,1;20,12,1;20,11,1|121,143,158,138
934|20,11,1;10,1,1;1,10,1;3,1,1|247,150,151
935|3,1,1;20,18,1;1,7,1;6,2,1|236,178,211
936|6,2,1;5,1,1;7,3,1;15,3,1|221,182,177
937|15,3,1;15,1,1;20,7,1;10,7,1;4,1,1|167,200,125,122
938|4,1,1;1,4,1;1,1,1;20,4,1|214,202,160
939|20,4,1;20,5,1;11,14,1;1,4,1|116,167,224
940|1,4,1;6,20,1;12,14,1;16,14,1|224,102,185
941|16,14,1;20,14,1;14,20,1;1,18,1;1,20,1|126,114,183,163
942|1,20,1;4,1,1;11,12,1;11,9,1|137,195,210
943|11,9,1;20,18,1;1,15,1;12,11,1|107,151,219
944|12,11,1;20,3,1;11,1,1;1,1,1;1,20,1|204,100,183,199
945|1,20,1;2,19,1;3,20,1;4,10,1|144,145,196
946|4,10,1;1,7,1;1,20,1;20,20,1|147,177,218
947|20,20,1;1,20,1;1,1,1;12,19,1|164,205,239
948|12,19,1;12,20,1;20,20,1;20,1,1;19,11,1|152,214,145,174
949|19,11,1;1,4,1;4,1,1;13,10,1;8,10,1|100,151,110,241
950|8,10,1;17,1,1;1,6,1;1,20,1|212,150,192
951|1,20,1;4,1,1;8,12,1;1,19,1|216,244,235
952|1,19,1;1,20,1;1,18,1;2,18,1|197,210,199
953|2,18,1;19,1,1;11,20,1;1,10,1|224,147,184
954|1,10,1;1,1,1;20,12,1;20,20,1;13,13,1|145,113,140,214
955|13,13,1;1,1,1;12,11,1;20,11,1;11,20,1|119,206,197,119
956|11,20,1;20,11,1;1,3,1;19,10,1|214,240,149
957|19,10,1;10,1,1;1,1,1;2,2,1;2,11,1|105,216,119,232
958|2,11,1;12,1,1;20,1,1;20,20,1;19,10,1|112,199,177,126
959|19,10,1;20,11,1;20,1,1;9,20,1|119,188,230
960|9,20,1;1,12,1;1,20,1;8,20,1;11,1,1|169,118,130,162
961|11,1,1;20,10,1;20,1,1;1,12,1;15,4,1|194,215,100,176
962|15,4,1;20,4,1;20,20,1;19,10,1;10,1,1|123,192,144,175
963|10,1,1;1,1,1;20,20,1;2,13,1|218,117,236
964|2,13,1;13,1,1;20,1,1;9,20,1;13,13,1;13,19,1|108,116,102,196,127
965|13,19,1;1,7,1;11,18,1;20,9,1|154,246,173
966|20,9,1;9,1,1;20,8,1;10,8,1|229,176,192
967|10,8,1;9,20,1;1,20,1;9,9,1|234,188,111
968|9,9,1;1,1,1;9,20,1;1,20,1;1,13,1|183,191,106,103
969|1,13,1;5,20,1;1,16,1;1,14,1;10,14,1|138,132,213,207
970|10,14,1;1,14,1;1,20,1;6,15,1|179,194,198
971|6,15,1;6,20,1;1,15,1;9,1,1;12,20,1|102,210,228,110
972|12,20,1;20,12,1;1,12,1;19,12,1;19,3,1|166,108,233,144
973|19,3,1;8,1,1;9,2,1;9,1,1|224,163,241
974|9,1,1;1,12,1;9,20,1;10,10,1;10,1,1|200,139,150,153
975|10,1,1;1,1,1;20,12,1;12,20,1|235,198,149
976|12,20,1;20,20,1;20,1,1;13,8,1;19,8,1;17,6,1|121,101,103,144,227
977|17,6,1;1,12,1;12,5,1;16,1,1;20,5,1|126,176,120,214
978|20,5,1;16,20,1;19,12,1;12,8,1;1,1,1|103,176,163,137
979|1,1,1;1,20,1;20,17,1;20,20,1|196,238,233
980|20,20,1;1,20,1;12,16,1;17,10,1;17,11,1|205,155,121,209
981|17,11,1;8,20,1;18,10,1;18,19,1;10,19,1|137,137,208,115
982|10,19,1;9,20,1;1,12,1;20,1,1|139,238,223
983|20,1,1;1,20,1;20,20,1;17,6,1|201,157,199
984|17,6,1;16,7,1;20,7,1;7,9,1;7,7,1|179,104,149,104
985|7,7,1;7,1,1;1,1,1;20,20,1;8,8,1|159,237,152,110
986|8,8,1;19,1,1;20,2,1;16,9,1;1,9,1|115,113,130,230
987|1,9,1;20,20,1;9,19,1;2,19,1|224,177,176
988|2,19,1;1,9,1;20,20,1;9,1,1;17,15,1|127,150,175,183
989|17,15,1;12,20,1;20,9,1;20,1,1;1,9,1|144,130,238,177
990|1,9,1;2,10,1;2,19,1;10,19,1;20,9,1|124,207,161,116
991|20,9,1;1,20,1;1,1,1;8,8,1|196,196,186
992|8,8,1;8,1,1;1,8,1;7,8,1;6,20,1|152,232,177,132
993|6,20,1;1,15,1;4,1,1;5,12,1;5,18,1|164,179,148,185
994|5,18,1;20,14,1;14,8,1;7,8,1|215,209,244
995|7,8,1;14,1,1;20,7,1;19,8,1;19,7,1|145,195,103,146
996|19,7,1;19,1,1;16,20,1;18,7,1|207,210,127
997|18,7,1;20,18,1;18,20,1;15,1,1|204,248,184
998|15,1,1;20,12,1;12,20,1;14,7,1|114,174,182
999|14,7,1;20,1,1;1,1,1;12,2,1|209,209,156
1000|12,2,1;20,10,1;20,1,1;1,20,1;12,10,1|141,133,106,119
1001|12,10,1;2,20,1;1,20,1;9,1,1;11,12,1|136,204,186,104
1002|11,12,1;20,3,1;20,4,1;16,8,1|128,177,172
1003|16,8,1;15,20,1;15,19,1;16,20,1|244,200,207
1004|16,20,1;20,9,1;20,1,1;15,18,1;2,20,1|163,175,124,154
1005|2,20,1;3,20,1;7,16,1;1,10,1|164,188,232
1006|1,10,1;20,2,1;20,1,1;14,6,1|226,171,170
1007|14,6,1;14,1,1;1,3,1;1,1,1;2,1,1|149,195,212,127
1008|2,1,1;1,1,1;3,1,1;3,2,1|246,135,229
1009|3,2,1;3,1,1;20,7,1;20,1,1|227,176,232
1010|20,1,1;12,20,1;11,19,1;12,19,1;12,10,1|144,148,112,104
1011|12,10,1;2,20,1;20,13,1;9,12,1|196,240,148
1012|9,12,1;1,12,1;1,20,1;20,12,1;10,11,1|146,183,222,100
1013|10,11,1;10,20,1;20,20,1;20,1,1;11,10,1|118,102,161,157
1014|11,10,1;1,20,1;4,1,1;20,6,1|142,229,158
1015|20,6,1;17,20,1;20,20,1;20,18,1|242,193,218
1016|20,18,1;3,1,1;1,3,1;1,1,1|201,150,235
1017|1,1,1;20,20,1;12,1,1;20,1,1|245,160,234
1018|20,1,1;20,20,1;1,1,1;8,19,1|213,173,178
1019|8,19,1;9,20,1;17,1,1;20,4,1|151,249,146
1020|20,4,1;20,20,1;1,20,1;9,1,1;9,8,1|183,131,231,117
1021|9,8,1;16,1,1;20,12,1;20,20,1;1,12,1;4,20,1|124,189,130,112,140
1022|4,20,1;1,9,1;3,11,1;3,10,1;1,12,1|125,164,182,156
1023|1,12,1;12,20,1;1,13,1;7,19,1|232,190,241
1024|7,19,1;1,19,1;1,1,1;20,1,1;20,20,1|243,194,108,143
1025|20,20,1;1,17,1;6,1,1;1,1,1;1,5,1|154,175,172,172
1026|1,5,1;5,1,1;5,20,1;1,20,1;6,4,1|244,158,104,185
1027|6,4,1;20,7,1;11,5,1;10,16,1|135,237,161
1028|10,16,1;1,16,1;1,20,1;9,17,1;4,1,1|190,112,139,151
1029|4,1,1;1,4,1;1,1,1;12,20,1|130,139,206
1030|12,20,1;20,20,1;1,9,1;12,11,1|197,211,200
1031|12,11,1;3,20,1;1,20,1;20,9,1;20,1,1|135,176,185,151
1032|20,1,1;1,9,1;19,2,1;9,2,1|240,164,226
1033|9,2,1;9,3,1;1,11,1;1,20,1;3,11,1|107,152,216,119
1034|3,11,1;3,1,1;1,12,1;1,20,1|227,171,172
1035|1,20,1;20,12,1;20,20,1;17,17,1|216,229,244
1036|17,17,1;14,20,1;20,20,1;18,18,1;20,16,1|186,158,238,111
1037|20,16,1;13,20,1;1,20,1;9,1,1;2,12,1|146,237,146,157
1038|2,12,1;10,20,1;1,20,1;9,1,1|185,195,233
1039|9,1,1;12,20,1;4,1,1;1,4,1;11,14,1|189,174,186,107
1040|11,14,1;1,14,1;1,20,1;20,20,1|185,208,162
1041|20,20,1;12,1,1;20,1,1;17,4,1;16,4,1|158,216,117,206
1042|16,4,1;20,8,1;1,11,1;1,1,1|241,175,244
1043|1,1,1;9,20,1;1,20,1;1,13,1|145,174,166
1044|1,13,1;2,2,1;1,1,1;20,1,1|203,185,198
1045|20,1,1;1,12,1;1,20,1;10,9,1|243,198,229
1046|10,9,1;20,9,1;20,1,1;13,8,1;13,20,1|184,155,223,110
1047|13,20,1;10,1,1;1,3,1;1,1,1;9,9,1|185,106,163,200
1048|9,9,1;1,17,1;4,20,1;5,19,1|167,163,202
1049|5,19,1;20,19,1;2,1,1;13,11,1;6,18,1|214,116,154,214
1050|6,18,1;20,10,1;10,20,1;10,15,1;1,6,1|128,129,246,196
1051|1,6,1;1,1,1;12,20,1;4,6,1;11,13,1|116,203,210,130
1052|11,13,1;18,20,1;20,11,1;19,12,1;20,13,1|174,177,110,178
1053|20,13,1;1,10,1;1,20,1;13,8,1|167,217,216
1054|13,8,1;1,9,1;20,17,1;13,13,1;15,13,1|144,227,141,132
1055|15,13,1;20,8,1;20,1,1;1,9,1;8,9,1|184,219,111,114
1056|8,9,1;1,13,1;1,20,1;7,14,1|212,155,189
1057|7,14,1;1,8,1;1,20,1;2,10,1|232,134,227
1058|2,10,1;2,20,1;2,1,1;1,2,1|170,117,211
1059|1,2,1;1,1,1;1,20,1;20,12,1|152,230,186
1060|20,12,1;12,20,1;20,20,1;17,17,1|105,243,187
1061|17,17,1;12,1,1;2,2,1;2,11,1;11,2,1;3,2,1|125,143,125,113,187
1062|3,2,1;1,4,1;20,7,1;20,1,1|233,133,143
1063|20,1,1;1,4,1;1,20,1;12,10,1;20,2,1|173,153,230,112
1064|20,2,1;8,1,1;1,1,1;9,20,1;9,19,1|151,137,121,195
1065|9,19,1;9,20,1;1,12,1;12,20,1|231,236,176
1066|12,20,1;20,17,1;10,17,1;7,20,1|234,116,211
1067|7,20,1;20,9,1;9,19,1;18,10,1|189,219,178
1068|18,10,1;18,20,1;20,18,1;15,1,1|161,233,133
1069|15,1,1;14,1,1;20,7,1;10,7,1|201,204,232
1070|10,7,1;1,18,1;9,10,1;1,10,1|230,165,218
1071|1,10,1;10,1,1;20,1,1;1,12,1;9,20,1|133,121,180,189
1072|9,20,1;1,12,1;20,9,1;10,19,1|126,225,153
1073|10,19,1;1,10,1;1,20,1;7,14,1;13,20,1|111,221,134,121
1074|13,20,1;20,2,1;14,19,1;15,20,1;20,20,1|187,130,225,127
1075|20,20,1;1,20,1;11,19,1;3,19,1|138,246,227
1076|3,19,1;10,1,1;1,3,1;3,1,1;1,1,1|172,218,106,176
1077|1,1,1;20,20,1;12,1,1;20,1,1|249,209,169
1078|20,1,1;12,20,1;12,13,1;5,20,1|222,203,194
1079|5,20,1;6,19,1;1,3,1;3,1,1|126,215,147
1080|3,1,1;1,14,1;7,20,1;1,20,1|223,141,199
1081|1,20,1;4,1,1;20,1,1;10,2,1;10,6,1|168,165,164,181
1082|10,6,1;5,1,1;1,1,1;20,12,1|122,112,239
1083|20,12,1;12,20,1;20,20,1;20,13,1;1,2,1|187,127,113,167
1084|1,2,1;1,1,1;1,3,1;2,2,1;20,2,1;14,8,1|202,108,130,143,102
1085|14,8,1;14,20,1;20,14,1;15,8,1;8,1,1|161,102,168,160
1086|8,1,1;1,8,1;1,9,1;10,9,1|198,237,182
1087|10,9,1;20,10,1;20,20,1;11,20,1;19,12,1|224,126,225,118
1088|19,12,1;20,2,1;11,11,1;10,11,1;1,2,1|106,192,176,195
1089|1,2,1;1,20,1;20,17,1;17,20,1|179,203,125
1090|17,20,1;20,20,1;12,1,1;11,1,1;7,5,1|197,193,121,122
1091|7,5,1;14,20,1;10,9,1;2,1,1|223,222,157
1092|2,1,1;20,19,1;12,8,1;10,10,1;10,9,1|109,133,196,109
1093|10,9,1;1,9,1;1,1,1;8,8,1|190,194,244
1094|8,8,1;1,15,1;6,20,1;1,20,1|149,173,224
1095|1,20,1;12,1,1;1,19,1;2,20,1;20,13,1|199,138,125,141
1096|20,13,1;16,20,1;20,20,1;10,10,1|206,137,240
1097|10,10,1;10,20,1;20,10,1;20,20,1;16,16,1|220,128,135,152
1098|16,16,1;12,20,1;1,1,1;9,15,1;9,16,1|211,159,144,161
1099|9,16,1;9,20,1;1,12,1;20,1,1;17,20,1;10,20,1|189,137,107,115,107
1100|10,20,1;20,10,1;20,20,1;16,16,1|220,213,201
1101|16,16,1;20,20,1;1,12,1;1,20,1|209,247,139
1102|1,20,1;20,12,1;20,20,1;17,17,1|248,188,209
1103|17,17,1;20,17,1;20,20,1;1,12,1|171,213,244
1104|1,12,1;1,11,1;10,20,1;20,10,1;18,1,1|100,154,230,198
1105|18,1,1;20,3,1;3,20,1;1,18,1|187,147,179
1106|1,18,1;1,1,1;20,4,1;9,1,1|168,173,190
1107|9,1,1;17,20,1;1,20,1;8,13,1|242,218,130
1108|8,13,1;1,6,1;1,20,1;7,14,1;20,14,1|111,149,229,157
1109|20,14,1;14,20,1;1,9,1;13,20,1;20,13,1|170,183,132,114
1110|20,13,1;1,2,1;19,13,1;20,14,1;20,20,1|101,108,194,120
1111|20,20,1;20,19,1;11,10,1;19,10,1|153,242,143
1112|19,10,1;20,9,1;19,9,1;20,8,1|241,194,238
1113|20,8,1;13,1,1;20,1,1;1,20,1|228,113,240
1114|1,20,1;9,1,1;1,1,1;1,8,1|147,231,241
1115|1,8,1;12,1,1;6,7,1;1,2,1;2,1,1|161,180,206,100
1116|2,1,1;13,20,1;20,20,1;14,15,1;14,1,1|131,208,201,158
1117|14,1,1;14,20,1;1,9,1;9,1,1|224,159,173
1118|9,1,1;1,1,1;20,12,1;10,2,1;3,2,1|150,132,210,104
1119|3,2,1;1,2,1;1,20,1;2,10,1|232,242,225
1120|2,10,1;12,20,1;20,17,1;13,17,1;13,20,1|134,184,198,143
1121|13,20,1;1,8,1;8,1,1;20,13,1;20,1,1|137,156,227,166
1122|20,1,1;12,20,1;12,5,1;4,16,1|152,218,156
1123|4,16,1;1,13,1;1,20,1;20,17,1;17,20,1|155,231,105,122
1124|17,20,1;1,20,1;20,1,1;20,20,1|247,156,233
1125|20,20,1;1,20,1;9,1,1;10,2,1;4,8,1|172,176,106,168
1126|4,8,1;20,8,1;13,1,1;13,7,1|248,123,192
1127|13,7,1;13,1,1;1,1,1;12,2,1;8,6,1|116,112,140,173
1128|8,6,1;20,5,1;16,1,1;16,5,1;17,4,1|219,157,110,149
1129|17,4,1;20,4,1;17,1,1;20,1,1;20,3,1|130,183,176,145
1130|20,3,1;14,20,1;14,1,1;1,1,1|213,192,199
1131|1,1,1;9,20,1;10,20,1;19,11,1;9,1,1|159,160,213,146
1132|9,1,1;1,9,1;11,20,1;7,16,1|241,234,103
1133|7,16,1;20,18,1;18,20,1;18,17,1|148,190,235
1134|18,17,1;18,20,1;1,3,1;20,3,1|197,161,198
1135|20,3,1;20,1,1;1,1,1;12,20,1|171,188,202
1136|12,20,1;20,20,1;20,1,1;19,11,1;19,2,1|116,247,142,104
1137|19,2,1;1,13,1;11,12,1;2,12,1;1,1,1|141,138,173,142
1138|1,1,1;20,9,1;20,1,1;17,4,1|236,138,193
1139|17,4,1;3,1,1;1,1,1;12,5,1;20,5,1|200,165,166,131
1140|20,5,1;1,8,1;19,1,1;19,5,1|184,154,163
1141|19,5,1;20,4,1;20,1,1;20,5,1|166,222,126
1142|20,5,1;16,1,1;20,1,1;20,4,1;9,20,1|140,131,107,220
1143|9,20,1;1,9,1;8,20,1;2,14,1|191,114,219
1144|2,14,1;1,14,1;18,20,1;18,19,1;14,15,1|100,120,182,234
1145|14,15,1;9,20,1;1,20,1;12,18,1|190,195,186
1146|12,18,1;1,20,1;20,20,1;9,17,1;12,14,1|131,215,179,111
1147|12,14,1;20,11,1;20,1,1;1,1,1;1,2,1|203,124,132,136
1148|1,2,1;2,1,1;1,1,1;12,20,1;4,6,1|147,129,182,202
1149|4,6,1;1,9,1;20,9,1;10,10,1|245,158,187
1150|10,10,1;19,1,1;20,2,1;9,20,1|199,142,171
1151|9,20,1;1,20,1;20,9,1;10,19,1|109,148,238
1152|10,19,1;1,10,1;1,20,1;20,20,1;20,19,1|116,248,123,158
1153|20,19,1;1,16,1;1,20,1;10,11,1;10,20,1|139,147,178,121
1154|10,20,1;1,11,1;11,1,1;20,1,1|227,221,105
1155|20,1,1;12,20,1;19,9,1;19,12,1;8,10,1|174,141,182,100
1156|8,10,1;1,3,1;20,11,1;19,1,1|242,115,241
1157|19,1,1;1,8,1;1,20,1;20,20,1;20,1,1|117,165,172,218
1158|20,1,1;1,9,1;8,9,1;1,16,1;5,20,1|191,119,107,182
1159|5,20,1;20,13,1;13,13,1;6,20,1;17,14,1|111,102,161,161
1160|17,14,1;20,17,1;17,20,1;1,9,1|216,144,215
1161|1,9,1;9,1,1;20,20,1;16,13,1;19,16,1|138,108,104,238
1162|19,16,1;20,5,1;15,10,1;11,6,1;18,6,1|106,193,158,196
1163|18,6,1;10,20,1;20,10,1;20,20,1|189,147,170
1164|20,20,1;1,12,1;20,12,1;13,19,1;2,10,1|222,141,208,123
1165|2,10,1;12,20,1;12,1,1;20,9,1|243,216,197
1166|20,9,1;20,1,1;9,20,1;1,20,1;1,1,1|171,162,193,155
1167|1,1,1;20,9,1;13,13,1|247,247
1168|13,13,1;20,2,1;19,1,1;12,5,1;8,20,1|122,198,153,115
1169|8,20,1;8,19,1;12,15,1;9,12,1;10,12,1|125,215,190,158
1170|10,12,1;10,20,1;1,20,1;9,1,1;1,4,1|230,158,176,128
1171|1,4,1;12,1,1;20,9,1;20,1,1;17,4,1|220,153,129,109
1172|17,4,1;20,1,1;1,9,1;12,2,1|112,233,237
1173|12,2,1;20,2,1;1,2,1;8,20,1|226,139,187
1174|8,20,1;20,20,1;10,19,1;1,10,1;1,20,1|141,207,183,166
1175|1,20,1;1,19,1;2,20,1;8,15,1|216,192,178
1176|8,15,1;1,15,1;6,20,1;20,20,1|144,235,129
1177|20,20,1;12,1,1;12,8,1;5,1,1|233,181,132
1178|5,1,1;1,16,1;20,8,1;13,1,1;6,1,1|171,110,140,227
1179|6,1,1;20,4,1;4,20,1;11,16,1;8,19,1|190,189,147,117
1180|8,19,1;12,1,1;12,14,1;6,20,1|235,115,132
1181|6,20,1;1,20,1;20,17,1;1,6,1;6,1,1;20,1,1|105,123,141,136,151
1182|20,1,1;1,1,1;1,20,1;2,10,1|136,225,230
1183|2,10,1;1,11,1;10,20,1;2,1,1;1,2,1|246,115,168,101
1184|1,2,1;11,1,1;2,10,1;2,1,1|201,132,178
1185|2,1,1;1,11,1;1,20,1;12,1,1;3,10,1|104,170,146,185
1186|3,10,1;3,20,1;1,11,1;2,12,1;2,11,1|157,162,119,201
1187|2,11,1;12,1,1;20,20,1;20,1,1;12,15,1|148,171,117,200
1188|12,15,1;17,20,1;20,17,1;15,17,1|224,159,235
1189|15,17,1;15,1,1;20,1,1;16,16,1|200,222,182
1190|16,16,1;16,20,1;1,20,1;12,19,1;20,11,1|221,104,124,235
1191|20,11,1;20,20,1;1,20,1;9,1,1;19,11,1|121,239,128,106
1192|19,11,1;20,11,1;11,20,1;11,1,1;1,11,1|140,189,197,158
1193|1,11,1;11,1,1;20,10,1;10,20,1;20,20,1|148,148,100,219
1194|20,20,1;1,9,1;9,1,1;9,8,1;16,1,1|158,138,107,142
1195|16,1,1;20,1,1;1,9,1;20,20,1;13,13,1|127,186,134,134
1196|13,13,1;20,13,1;19,1,1;1,8,1;19,8,1;19,12,1|132,158,102,193,109
1197|19,12,1;20,13,1;13,20,1;20,9,1;12,1,1|130,172,173,105
1198|12,1,1;1,20,1;20,12,1;17,20,1;17,16,1;20,16,1|110,127,132,127,202
1199|20,16,1;20,20,1;19,19,1;19,11,1|218,118,198
1200|20,1,1;17,20,1;17,5,1;13,1,1;13,7,1|162,213,120,110
1201|13,7,1;1,18,1;1,1,1;7,6,1;13,1,1|209,163,131,188
1202|13,1,1;5,20,1;1,16,1;1,20,1;4,20,1|129,211,151,204
1203|4,20,1;1,17,1;1,20,1;4,1,1|215,222,149
1204|4,1,1;5,1,1;1,5,1;1,1,1|160,160,240
1205|1,1,1;2,1,1;6,5,1;6,6,1|223,244,207
1206|6,6,1;20,17,1;7,6,1;17,16,1;17,15,1|118,137,162,197
1207|17,15,1;20,15,1;6,1,1;14,20,1|192,245,177
1208|14,20,1;1,7,1;7,1,1;11,19,1|138,237,246
1209|11,19,1;20,19,1;20,20,1;1,9,1|130,177,236
1210|1,9,1;1,1,1;20,9,1;20,10,1;12,2,1|100,130,151,157
1211|12,2,1;20,2,1;8,1,1;1,1,1|192,193,198
1212|1,1,1;20,9,1;13,13,1;13,3,1|176,212,123
1213|13,3,1;15,1,1;20,6,1;20,1,1;16,1,1|175,208,120,192
1214|16,1,1;20,1,1;12,20,1;9,1,1;9,8,1|105,164,170,228
1215|9,8,1;2,1,1;1,2,1;20,5,1;7,5,1|180,193,164,146
1216|7,5,1;7,1,1;10,20,1;1,11,1;1,1,1|120,229,135,200
1217|1,1,1;1,2,1;5,6,1;10,1,1|248,247,142
1218|10,1,1;20,11,1;20,20,1;9,1,1;1,9,1|194,186,160,148
1219|1,9,1;1,1,1;11,12,1;7,8,1;7,11,1|106,230,218,120
1220|7,11,1;7,1,1;10,20,1;20,19,1|207,101,243
1221|20,19,1;1,19,1;8,1,1;9,12,1;3,18,1|201,194,147,115
1222|3,18,1;20,1,1;1,1,1;1,20,1;2,19,1|139,115,164,190
1223|2,19,1;2,20,1;1,19,1;1,20,1|232,169,183
1224|1,20,1;1,1,1;8,8,1;2,8,1|150,240,162
1225|2,8,1;9,1,1;1,1,1;9,20,1|168,207,243
1226|9,20,1;20,10,1;16,14,1;19,14,1|133,133,243
1227|19,14,1;20,15,1;4,20,1;20,20,1|169,175,194
1228|20,20,1;20,19,1;11,19,1;1,9,1;9,1,1|207,110,125,189
1229|9,1,1;20,20,1;13,13,1;6,20,1|123,217,146
1230|6,20,1;1,20,1;1,1,1;12,20,1|172,164,223
1231|12,20,1;12,19,1;8,15,1;4,19,1;4,18,1|151,157,162,165
1232|4,18,1;20,7,1;20,1,1;1,12,1|180,177,131
1233|1,12,1;20,12,1;20,20,1;13,13,1|230,174,146
1234|13,13,1;20,20,1;20,1,1;1,1,1|208,105,235
1235|1,1,1;9,20,1;1,20,1;1,13,1;7,19,1|175,193,160,168
1236|7,19,1;1,2,1;1,1,1;20,20,1|206,205,161
1237|20,20,1;12,1,1;20,1,1;20,8,1;1,19,1|178,140,146,187
1238|1,19,1;2,20,1;1,20,1;9,1,1;1,1,1|201,111,121,146
1239|1,1,1;2,1,1;11,10,1;11,2,1;8,5,1|142,133,184,210
1240|8,5,1;8,1,1;1,1,1;12,20,1;20,17,1|165,149,129,203
1241|20,17,1;12,20,1;14,18,1;14,20,1;20,20,1|141,154,224,179
1242|20,20,1;1,20,1;9,1,1;9,19,1|219,220,198
1243|9,19,1;9,1,1;10,12,1;10,20,1|234,125,221
1244|10,20,1;1,20,1;20,17,1;9,19,1|120,217,219
1245|9,19,1;20,20,1;1,20,1;20,1,1|166,234,238
1246|20,1,1;1,12,1;9,20,1;1,20,1;4,17,1|100,214,225,149
1247|4,17,1;20,6,1;12,20,1;8,16,1;8,19,1|139,225,134,111
1248|8,19,1;9,20,1;20,1,1;19,11,1;19,19,1|149,137,130,166
1249|19,19,1;18,20,1;1,14,1;20,6,1|165,231,198
1250|20,6,1;12,20,1;8,16,1;8,14,1|239,167,190
1251|8,14,1;1,14,1;1,20,1;20,20,1;1,1,1|136,138,201,188
1252|1,1,1;9,20,1;9,13,1;16,20,1|125,193,228
1253|16,20,1;1,20,1;1,1,1;8,8,1|126,212,152
1254|8,8,1;1,1,1;12,20,1;11,9,1|193,223,218
1255|11,9,1;1,19,1;2,20,1;13,1,1|157,182,232
1256|13,1,1;20,19,1;19,20,1;20,20,1|194,221,176
1257|20,20,1;20,1,1;1,4,1;1,1,1|170,213,194
1258|1,1,1;20,1,1;1,20,1;1,13,1;7,13,1|125,218,193,161
1259|7,13,1;14,20,1;14,19,1;15,20,1;20,20,1|192,226,110,163
1260|20,20,1;20,1,1;1,9,1;2,10,1|133,234,160
1261|2,10,1;1,10,1;1,20,1;20,9,1|110,228,244
1262|20,9,1;1,20,1;1,1,1;8,8,1;15,1,1|158,247,129,133
1263|15,1,1;20,12,1;10,2,1;10,6,1;6,2,1|163,174,189,146
1264|6,2,1;5,1,1;1,5,1;5,20,1;20,16,1|151,235,122,146
1265|20,16,1;1,16,1;16,1,1;20,5,1|146,184,246
1266|20,5,1;13,20,1;16,17,1;20,17,1;17,20,1|184,125,149,226
1267|17,20,1;20,9,1;20,1,1;1,1,1|148,158,178
1268|1,1,1;4,20,1;1,9,1;3,20,1;3,10,1|228,198,111,147
1269|3,10,1;3,1,1;1,14,1;7,20,1|229,233,214
1270|7,20,1;1,14,1;10,1,1;20,1,1;12,4,1|149,148,123,195
1271|12,4,1;11,5,1;7,1,1;1,1,1;7,7,1|182,155,124,135
1272|7,7,1;13,1,1;13,2,1;14,1,1;20,7,1|208,104,114,231
1273|20,7,1;20,1,1;1,12,1;9,20,1;9,13,1|194,176,117,138
1274|9,13,1;1,13,1;8,20,1;1,20,1;1,14,1|146,175,166,172
1275|1,14,1;20,3,1;20,20,1;1,20,1;1,15,1|137,200,152,111
1276|1,15,1;4,1,1;2,14,1;2,4,1|248,208,158
1277|2,4,1;1,4,1;4,1,1;12,20,1|227,146,217
1278|12,20,1;20,12,1;19,11,1;10,20,1|148,217,209
1279|10,20,1;1,18,1;3,20,1;3,17,1|161,145,154
1280|3,17,1;14,16,1;5,7,1;13,7,1;13,14,1|213,103,173,187
1281|13,14,1;13,20,1;20,13,1;20,1,1|197,229,234
1282|20,1,1;1,9,1;8,9,1;1,2,1|210,189,238
1283|1,2,1;1,1,1;20,20,1;9,10,1|187,165,229
1284|9,10,1;18,1,1;20,10,1;20,20,1;1,9,1|125,155,155,249
1285|1,9,1;20,12,1;20,20,1;13,20,1|103,202,179
1286|13,20,1;1,10,1;1,1,1;10,10,1|213,206,140
1287|10,10,1;19,1,1;20,13,1;1,5,1|218,210,102
1288|1,5,1;2,5,1;1,4,1;15,1,1|116,236,181
1289|15,1,1;1,1,1;11,2,1;20,2,1|182,154,185
1290|20,2,1;1,5,1;16,5,1;20,9,1;14,9,1|210,160,111,100
1291|14,9,1;20,9,1;1,1,1;19,19,1|233,238,168
1292|19,20,1;20,19,1;20,20,1;1,20,1;11,10,1|231,109,160,183
1293|11,10,1;1,20,1;20,1,1;13,19,1;13,9,1|105,185,122,209
1294|13,9,1;20,2,1;19,1,1;20,13,1|181,215,152
1295|20,13,1;20,20,1;20,12,1;13,19,1|211,147,243
1296|13,19,1;20,19,1;20,20,1;18,18,1;18,12,1|115,204,109,206
1297|18,12,1;1,6,1;1,1,1;11,11,1|212,204,211
1298|11,11,1;20,20,1;9,1,1;20,8,1|109,166,190
1299|20,8,1;1,11,1;12,15,1;6,15,1|111,186,234
1300|6,15,1;20,7,1;15,7,1;20,18,1;16,14,1|131,165,215,110
1301|16,14,1;10,20,1;20,20,1;16,16,1;20,12,1|178,177,199,137
1302|20,12,1;19,12,1;20,13,1;9,20,1;20,14,1;10,14,1|143,147,106,105,141
1303|10,14,1;1,5,1;5,1,1;20,12,1|232,137,194
1304|20,12,1;1,20,1;9,1,1;19,11,1|223,219,187
1305|19,11,1;9,1,1;1,9,1;1,1,1;8,1,1|186,167,103,111
1306|8,1,1;1,1,1;20,12,1;20,20,1;1,20,1|205,129,240,119
1307|1,20,1;1,1,1;2,11,1;11,20,1|177,170,248
1308|11,20,1;20,11,1;20,1,1;1,1,1|165,223,203
1309|1,1,1;20,1,1;13,5,1|243,244
1310|13,5,1;13,20,1;20,20,1;12,1,1|183,235,208
1311|12,1,1;4,20,1;1,20,1;11,10,1|117,218,166
1312|11,10,1;20,1,1;1,9,1;1,1,1|137,226,212
1313|1,1,1;20,1,1;20,20,1;1,9,1;8,2,1|131,149,125,133
1314|8,2,1;15,20,1;20,9,1;20,1,1|149,222,177
1315|20,1,1;1,9,1;1,1,1;4,4,1|236,208,230
1316|4,4,1;1,4,1;1,1,1;3,3,1;2,3,1|116,115,240,148
1317|2,3,1;2,1,1;1,1,1;1,20,1|134,130,240
1318|1,20,1;9,1,1;13,19,1;14,20,1|237,154,232
1319|14,20,1;3,1,1;3,20,1;13,10,1|174,241,148
1320|13,10,1;13,20,1;20,20,1;14,15,1;18,19,1|200,108,142,193
1321|18,19,1;1,14,1;1,1,1;20,1,1|210,235,164
1322|20,1,1;17,20,1;20,20,1;9,1,1;1,1,1|164,120,203,184
1323|1,1,1;1,20,1;20,12,1;20,20,1;17,17,1|123,178,159,218
1324|17,17,1;3,20,1;14,18,1;16,20,1;20,16,1|232,198,150,108
1325|20,16,1;13,1,1;20,1,1;17,12,1;1,6,1|186,143,114,126
1326|1,6,1;1,1,1;20,12,1;20,20,1;13,13,1|175,176,164,137
1327|13,13,1;1,13,1;1,20,1;20,20,1|163,234,201
1328|20,20,1;12,1,1;1,20,1;19,9,1|234,223,157
1329|19,9,1;20,10,1;1,18,1;3,20,1|191,191,153
1330|3,20,1;1,9,1;20,12,1;13,8,1|231,164,234
1331|13,8,1;13,1,1;20,1,1;14,7,1;16,20,1|142,171,128,170
1332|16,20,1;5,1,1;1,5,1;20,5,1|128,226,197
1333|20,5,1;13,1,1;1,1,1;9,20,1;2,2,1|105,182,204,166
1334|2,2,1;3,2,1;12,11,1;12,3,1;9,6,1|154,121,177,225
1335|9,6,1;20,1,1;13,8,1;12,8,1;19,1,1;13,6,1|120,135,101,108,187
1336|13,6,1;13,1,1;20,8,1;12,5,1|226,208,133
1337|12,5,1;20,13,1;1,10,1;1,1,1|199,135,164
1338|1,1,1;1,20,1;20,17,1;20,20,1;9,13,1|106,149,134,242
1339|9,13,1;1,10,1;11,20,1;20,20,1|228,110,220
1340|20,20,1;19,19,1;20,18,1;9,8,1|235,233,229
1341|9,8,1;1,8,1;1,1,1;20,9,1|170,168,152
1342|20,9,1;12,1,1;9,20,1;20,10,1;16,14,1|106,214,128,222
1343|16,14,1;20,3,1;6,14,1;12,20,1|237,128,228
1344|12,20,1;11,20,1;11,10,1;2,19,1;2,10,1;10,18,1|137,133,106,134,138
1345|10,18,1;8,20,1;20,20,1;1,9,1|172,240,111
1346|1,9,1;20,12,1;19,11,1;13,17,1|193,126,230
1347|13,17,1;20,17,1;17,20,1;20,20,1|189,198,202
1348|20,20,1;1,12,1;20,1,1;13,19,1|202,109,239
1349|13,19,1;12,20,1;20,20,1;1,9,1;11,19,1;12,19,1|104,129,150,143,108
1350|12,19,1;11,20,1;1,20,1;9,1,1;20,20,1|137,184,174,102
1351|20,20,1;17,1,1;20,1,1;13,12,1|198,227,184
1352|13,12,1;5,20,1;1,5,1;5,1,1|245,152,243
1353|5,1,1;1,16,1;5,20,1;6,9,1;14,1,1|172,180,137,124
1354|14,1,1;1,3,1;2,4,1;2,20,1;1,20,1|125,200,106,167
1355|1,20,1;20,12,1;17,20,1;20,17,1;16,17,1|107,153,215,220
1356|16,17,1;2,20,1;11,18,1;20,18,1|227,231,120
1357|20,18,1;20,20,1;19,20,1;15,16,1;12,19,1|209,115,207,161
1358|20,20,1;1,1,1;20,1,1;20,19,1;10,19,1|169,148,130,152
1359|10,19,1;20,9,1;1,12,1;8,12,1;1,19,1|161,161,110,113
1360|1,19,1;1,20,1;12,19,1;3,10,1;11,10,1|124,214,160,192
1361|11,10,1;1,10,1;1,20,1;3,11,1|242,170,231
1362|3,11,1;4,1,1;20,1,1;20,20,1|239,218,114
1363|20,20,1;1,12,1;20,12,1;13,19,1;9,19,1|112,191,153,109
1364|9,19,1;2,1,1;10,12,1;10,20,1;20,10,1|204,106,109,245
1365|20,10,1;20,20,1;1,20,1;4,1,1|205,147,183
1366|4,1,1;1,4,1;20,15,1;20,20,1;16,16,1;5,9,1|119,145,173,115,106
1367|5,9,1;20,13,1;15,19,1;19,8,1;12,1,1|112,125,137,236
1368|12,1,1;20,12,1;12,20,1;12,13,1|183,132,203
1369|12,13,1;20,5,1;5,1,1;1,8,1|136,211,194
1370|1,8,1;20,11,1;20,20,1;3,9,1;11,1,1;1,1,1|215,104,127,125,106
1371|1,1,1;20,9,1;20,10,1;12,2,1|230,200,235
1372|12,2,1;12,1,1;20,9,1;1,17,1;4,20,1|159,158,166,206
1373|4,20,1;20,4,1;20,1,1;1,9,1|196,204,216
1374|1,9,1;20,1,1;20,2,1;16,6,1|115,214,223
1375|16,6,1;20,6,1;15,6,1;20,1,1;20,5,1|188,150,125,157
1376|20,5,1;9,20,1;1,12,1;1,20,1;4,17,1|134,140,127,225
1377|4,17,1;7,20,1;1,20,1;3,18,1;9,1,1|165,166,139,112
1378|9,1,1;1,1,1;1,2,1;10,11,1;2,11,1|138,140,217,118
1379|2,11,1;11,20,1;20,11,1;20,1,1|136,221,205
1380|20,1,1;19,11,1;19,1,1;15,5,1;14,5,1;14,1,1|148,114,110,196,104
1381|14,1,1;20,1,1;17,20,1;6,1,1|225,208,148
1382|6,1,1;20,9,1;9,13,1;19,13,1|187,156,163
1383|19,13,1;20,12,1;10,11,1;10,2,1|209,174,185
1384|10,2,1;1,2,1;2,1,1;20,1,1|246,127,146
1385|20,1,1;1,1,1;2,2,1;4,11,1|211,178,173
1386|4,11,1;1,11,1;10,20,1;20,20,1|128,179,216
1387|20,20,1;10,19,1;20,19,1;20,10,1;12,18,1|221,117,157,106
1388|12,18,1;12,20,1;11,20,1;2,11,1|149,212,139
1389|1,20,1;9,1,1;20,20,1;13,13,1;16,10,1|130,110,189,101
1390|16,10,1;7,1,1;20,3,1;17,3,1|158,135,221
1391|17,3,1;15,1,1;1,4,1;3,13,1;2,12,1|232,137,191,139
1392|2,12,1;1,12,1;20,9,1;20,1,1;17,4,1|197,106,127,187
1393|17,4,1;20,1,1;9,20,1;16,13,1;10,13,1|194,201,151,138
1394|10,13,1;1,4,1;20,7,1;13,7,1|198,189,235
1395|13,7,1;7,1,1;20,3,1;19,13,1;19,20,1|171,172,157,148
1396|19,20,1;20,20,1;17,1,1;20,4,1;13,11,1|148,138,119,225
1397|13,11,1;13,1,1;1,2,1;5,20,1;1,9,1|148,180,140,164
1398|1,9,1;20,12,1;19,11,1;19,2,1;11,2,1|235,113,100,231
1399|11,2,1;10,1,1;1,1,1;10,3,1;2,3,1|152,152,142,175
1400|2,3,1;11,1,1;10,2,1;11,2,1;10,1,1;9,2,1|110,179,150,104,127
1401|9,2,1;10,3,1;1,3,1;3,1,1|152,182,248
1402|3,1,1;1,3,1;12,20,1;20,12,1;4,1,1|132,154,215,142
1403|4,1,1;4,20,1;1,20,1;1,1,1|182,102,248
1404|1,1,1;4,20,1;1,20,1;8,13,1|192,230,141
1405|8,13,1;1,13,1;8,20,1;18,9,1|209,144,244
1406|18,9,1;7,1,1;1,7,1;1,1,1;3,3,1|138,180,219,114
1407|3,3,1;3,1,1;1,1,1;2,2,1|106,218,219
1408|2,2,1;1,3,1;1,1,1;20,1,1;10,2,1|117,187,118,202
1409|10,2,1;20,2,1;19,1,1;20,1,1|179,177,172
1410|20,1,1;12,20,1;20,20,1;17,17,1;17,16,1;1,5,1|108,193,122,109,145
1411|1,5,1;16,1,1;16,20,1;20,20,1|240,194,146
1412|20,20,1;19,19,1;20,18,1;20,19,1|240,142,233
1413|20,19,1;1,16,1;1,20,1;19,9,1|166,189,228
1414|19,9,1;20,9,1;1,20,1;12,1,1|186,118,211
1415|12,1,1;20,1,1;1,1,1;11,2,1|157,162,212
1416|11,2,1;1,12,1;1,20,1;20,17,1;17,20,1|240,111,209,127
1417|17,20,1;1,4,1;15,1,1;20,6,1;11,6,1|218,117,182,168
1418|11,6,1;20,15,1;20,20,1;1,9,1|240,136,181
1419|1,9,1;20,1,1;2,8,1;1,8,1;1,1,1|222,108,198,142
1420|1,1,1;9,20,1;20,1,1;2,5,1;9,1,1|213,112,142,209
1421|9,1,1;17,20,1;20,20,1;10,10,1|241,226,231
1422|10,10,1;10,20,1;1,20,1;9,17,1;2,13,1|171,157,180,164
1423|2,13,1;1,13,1;13,1,1;20,8,1;1,19,1|137,201,131,106
1424|1,19,1;2,20,1;20,9,1;10,10,1|246,159,243
1425|10,10,1;19,1,1;11,20,1;20,20,1;11,11,1|121,239,119,121
1426|11,11,1;20,20,1;20,19,1;16,15,1|225,202,245
1427|16,15,1;19,1,1;20,2,1;17,5,1|179,241,208
1428|17,5,1;20,8,1;10,20,1;20,20,1;10,9,1|183,152,132,138
1429|10,9,1;1,9,1;9,1,1;1,1,1;1,8,1|185,127,137,203
1430|1,8,1;13,20,1;20,20,1;20,1,1|221,182,211
1431|20,1,1;1,20,1;20,20,1;9,1,1|241,119,224
1432|9,1,1;1,20,1;12,10,1;17,10,1|213,242,126
1433|17,10,1;20,10,1;20,20,1;18,11,1;18,19,1|154,102,112,218
1434|18,19,1;17,20,1;17,1,1;16,2,1;7,2,1;7,10,1|102,109,110,190,157
1435|7,10,1;16,1,1;1,16,1;4,8,1|221,217,132
1436|4,8,1;15,1,1;9,7,1;3,1,1|118,182,209
1437|3,1,1;1,10,1;1,1,1;20,4,1|181,214,224
1438|20,4,1;1,15,1;9,1,1;17,20,1|249,211,191
1439|17,20,1;20,17,1;20,20,1;1,9,1;16,20,1;16,17,1|128,112,126,150,178
1440|16,17,1;8,20,1;10,18,1;10,20,1;20,20,1|107,209,197,151
1441|20,20,1;1,20,1;20,1,1;9,11,1;1,11,1|206,184,100,204
1442|1,11,1;10,20,1;20,20,1;17,1,1;20,4,1|218,126,121,171
1443|20,4,1;14,20,1;1,18,1;11,18,1|126,247,186
1444|11,18,1;13,20,1;20,20,1;1,9,1|221,245,102
1445|1,9,1;1,1,1;4,20,1;8,9,1|207,185,205
1446|8,9,1;8,1,1;20,2,1;20,20,1|155,140,214
1447|20,20,1;1,12,1;20,12,1;20,19,1|247,162,233
1448|20,19,1;20,20,1;9,1,1;1,1,1;8,8,1|168,168,126,237
1449|8,8,1;15,1,1;15,2,1;20,2,1;19,1,1|113,249,118,184
1450|19,1,1;1,1,1;12,20,1;1,2,1|225,100,210
1451|1,2,1;1,1,1;4,20,1;20,15,1|158,234,212
1452|20,15,1;20,20,1;17,1,1;20,12,1|247,132,220
1453|20,12,1;1,4,1;8,8,1;8,10,1|171,199,202
1454|8,10,1;18,20,1;1,20,1;9,1,1;16,16,1|172,113,211,151
1455|16,16,1;20,9,1;17,12,1;20,12,1;20,20,1|197,160,149,105
1456|20,20,1;1,12,1;20,9,1;13,9,1;13,19,1|202,101,160,188
1457|13,19,1;13,20,1;20,13,1;1,10,1|215,171,137
1458|1,10,1;20,10,1;11,1,1;20,1,1;12,9,1|215,177,117,185
1459|12,9,1;20,17,1;9,1,1;16,12,1;20,16,1|224,141,159,146
1460|20,16,1;16,1,1;20,1,1;20,4,1;18,2,1|129,157,149,198
1461|18,2,1;20,13,1;20,20,1;1,20,1;11,19,1|214,147,191,143
1462|11,19,1;12,20,1;4,1,1;20,6,1|246,222,212
1463|20,6,1;20,1,1;12,20,1;20,20,1;20,13,1|225,130,160,150
1464|20,13,1;1,13,1;11,1,1;1,11,1;2,11,1|240,100,201,140
1465|2,11,1;12,1,1;20,1,1;12,20,1|238,184,207
1466|12,20,1;20,17,1;20,20,1;13,20,1|167,208,224
1467|13,20,1;20,13,1;10,1,1;1,1,1;12,6,1|232,157,167,123
1468|12,6,1;20,6,1;9,20,1;1,12,1|182,121,211
1469|1,12,1;20,1,1;17,20,1;20,20,1|228,240,154
1470|20,20,1;1,20,1;11,19,1;2,19,1|127,177,215
1471|2,19,1;1,18,1;12,20,1;20,20,1;12,1,1|112,187,125,175
1472|12,1,1;20,12,1;20,20,1;1,20,1|206,193,119
1473|1,20,1;2,10,1;11,10,1;11,18,1;4,11,1|126,248,147,103
1474|4,11,1;4,1,1;20,12,1;20,20,1;1,12,1|122,167,142,164
1475|1,12,1;2,12,1;2,20,1;9,13,1;3,13,1|112,109,149,155
1476|3,13,1;20,8,1;16,1,1;20,1,1|151,228,218
1477|20,1,1;1,4,1;1,1,1;19,1,1|247,210,142
1478|19,1,1;20,1,1;9,20,1;1,12,1|155,199,240
1479|1,12,1;9,20,1;1,17,1;1,13,1;1,11,1|103,168,232,172
1480|1,11,1;1,20,1;20,9,1;12,1,1|100,237,227
1481|12,1,1;11,1,1;7,5,1;4,2,1;4,3,1|208,188,147,128
1482|4,3,1;6,1,1;20,1,1;10,2,1;1,11,1|163,140,104,244
1483|1,11,1;12,1,1;10,10,1;1,10,1;1,2,1|174,127,160,142
1484|1,2,1;2,1,1;20,1,1;14,7,1;20,7,1|186,147,239,107
1485|20,7,1;14,1,1;20,1,1;18,3,1;20,5,1|141,101,199,191
1486|20,5,1;16,1,1;5,20,1;1,20,1;4,17,1|179,160,133,151
1487|4,17,1;15,1,1;8,12,1;16,20,1|156,180,207
1488|16,20,1;1,20,1;9,1,1;1,1,1;4,4,1|112,105,113,247
1489|4,4,1;1,4,1;1,1,1;3,3,1|185,149,235
1490|3,3,1;1,3,1;1,20,1;12,1,1|209,208,234
1491|12,1,1;9,20,1;13,2,1;19,13,1;13,19,1|152,111,100,165
1492|13,19,1;13,20,1;20,13,1;20,20,1|211,117,228
1493|20,20,1;1,20,1;20,1,1;13,19,1;20,19,1|194,141,239,108
1494|20,19,1;1,8,1;19,12,1;19,20,1|247,241,119
1495|19,20,1;1,9,1;9,12,1;2,12,1|150,199,165
1496|2,12,1;1,11,1;11,1,1;1,1,1|221,132,177
1497|1,1,1;2,1,1;6,5,1;7,5,1;10,2,1;20,12,1|102,162,113,110,145
1498|20,12,1;1,1,1;12,20,1;20,20,1|213,179,145
1499|20,20,1;1,12,1;20,1,1;20,8,1;14,2,1|132,143,141,234
1500|14,2,1;14,1,1;20,7,1;18,20,1;13,3,1|180,116,175,153
1501|13,3,1;15,1,1;15,20,1;1,20,1;14,9,1|171,149,142,158
1502|14,9,1;20,20,1;9,16,1;5,20,1|248,243,203
1503|5,20,1;1,16,1;1,20,1;4,20,1;2,18,1|199,142,125,149
1504|2,18,1;1,17,1;1,16,1;10,7,1;2,7,1|144,140,246,107
1505|2,7,1;1,7,1;1,1,1;9,20,1;2,2,1|221,213,102,163
1506|2,2,1;13,1,1;20,1,1;9,20,1;1,20,1|186,145,212,118
1507|1,20,1;4,1,1;1,4,1;11,14,1|188,121,240
1508|11,14,1;1,14,1;1,20,1;20,12,1|163,170,242
1509|20,12,1;20,20,1;20,11,1;19,11,1;11,19,1|167,225,147,101
1510|11,19,1;20,8,1;12,11,1|215,248
1511|12,11,1;1,1,1;3,10,1;20,16,1|172,161,225
1512|20,16,1;1,5,1;5,1,1;8,4,1|145,210,233
1513|8,4,1;20,5,1;1,13,1;19,20,1;2,14,1|123,190,191,138
1514|2,14,1;1,15,1;6,20,1;1,4,1;15,1,1|201,114,153,192
1515|15,1,1;15,20,1;20,15,1;20,1,1;16,1,1|164,239,187,102
1516|16,1,1;20,5,1;20,20,1;19,10,1;19,5,1|110,177,122,235
1517|19,5,1;20,5,1;20,20,1;9,1,1|228,190,244
1518|9,1,1;1,9,1;20,17,1;20,1,1;13,8,1|159,163,135,229
1519|13,8,1;6,1,1;1,7,1;5,3,1;5,1,1|241,182,161,105
1520|5,1,1;5,20,1;12,13,1;19,20,1|211,187,188
1521|19,20,1;1,13,1;12,15,1;7,20,1;1,14,1;1,20,1|166,106,126,115,119
1522|1,20,1;2,10,1;11,10,1;11,18,1;4,11,1|207,105,126,229
1523|4,11,1;14,1,1;14,20,1;20,14,1|244,217,201
1524|20,14,1;14,20,1;20,15,1;20,20,1;15,20,1|197,147,217,102
1525|15,20,1;1,20,1;1,1,1;2,11,1|231,158,239
1526|2,11,1;12,1,1;20,1,1;6,9,1;6,8,1|100,115,218,157
1527|6,8,1;6,1,1;9,20,1;7,7,1|236,193,171
1528|7,7,1;1,12,1;6,12,1;8,12,1;16,20,1|234,140,220,100
1529|16,20,1;20,20,1;1,20,1;1,1,1|245,192,223
1530|1,1,1;20,20,1;9,10,1;18,19,1|227,202,236
1531|18,19,1;18,1,1;17,11,1;17,20,1;6,1,1|145,125,115,208
1532|6,1,1;1,1,1;20,20,1;20,1,1;7,1,1|197,219,147,109
1533|7,1,1;1,7,1;14,20,1;1,18,1|141,190,174
1534|1,18,1;3,20,1;20,14,1;9,19,1|247,201,202
1535|9,19,1;20,20,1;1,20,1;9,1,1;10,1,1|173,162,101,230
1536|10,1,1;20,1,1;20,2,1;16,6,1|201,191,233
1537|16,6,1;13,20,1;13,15,1;8,20,1|176,156,158
1538|8,20,1;19,1,1;1,5,1;7,5,1;7,1,1|150,200,173,150
1539|7,1,1;1,1,1;20,12,1;2,8,1|227,184,201
1540|2,8,1;20,8,1;10,9,1;1,9,1;1,1,1|164,136,168,155
1541|1,1,1;20,9,1;19,9,1;20,8,1;20,1,1|110,131,187,162
1542|20,1,1;12,20,1;20,20,1;17,17,1;17,19,1|139,113,167,122
1543|17,19,1;18,20,1;17,20,1;13,16,1|228,232,159
1544|13,16,1;20,9,1;9,1,1;1,1,1|204,182,165
1545|1,1,1;4,20,1;1,17,1;8,10,1;8,15,1|117,155,165,233
1546|8,15,1;1,4,1;7,10,1;1,10,1|219,184,242
1547|1,10,1;11,20,1;3,1,1;1,1,1|211,158,159
1548|1,1,1;20,1,1;13,8,1;20,8,1|185,242,221
1549|20,8,1;20,1,1;17,20,1;20,20,1;1,1,1|123,245,118,208
1550|1,1,1;20,1,1;10,2,1|227,239
1551|10,2,1;11,1,1;1,2,1;9,2,1|167,243,214
1552|9,2,1;1,2,1;13,1,1;20,5,1;14,5,1|246,169,101,128
1553|14,5,1;3,1,1;1,3,1;1,1,1;2,1,1|174,132,164,179
1554|2,1,1;2,20,1;1,19,1|244,247
1555|1,19,1;2,20,1;2,1,1;20,5,1;16,1,1|112,157,182,181
1556|16,1,1;5,20,1;9,9,1;1,1,1|198,153,122
1557|1,1,1;20,1,1;20,20,1;1,17,1;1,20,1|143,247,118,136
1558|1,20,1;9,1,1;20,20,1;13,20,1;19,14,1|154,192,154,177
1559|19,14,1;19,20,1;20,20,1;20,1,1;1,1,1|107,222,102,247
1560|1,1,1;1,20,1;1,11,1;9,19,1;2,19,1|149,100,228,134
1561|2,19,1;20,19,1;10,18,1;10,1,1;1,1,1;7,18,1|174,139,168,105,111
1562|7,18,1;1,7,1;7,1,1;1,1,1|238,238,173
1563|1,1,1;4,20,1;7,1,1;5,3,1;4,3,1|160,140,232,130
1564|4,3,1;10,20,1;10,15,1;6,15,1|238,233,115
1565|6,15,1;1,4,1;5,8,1;1,8,1;5,12,1|159,186,167,157
1566|5,12,1;1,16,1;5,20,1;1,5,1;5,1,1;20,16,1|100,113,126,196,160
1567|20,16,1;16,1,1;13,4,1;18,4,1|163,228,166
1568|18,4,1;20,2,1;19,1,1;19,2,1;15,20,1|210,101,146,101
1569|15,20,1;1,17,1;7,1,1;7,19,1|226,159,118
1570|7,19,1;18,1,1;20,3,1;19,3,1|142,202,247
1571|19,3,1;17,1,1;20,1,1;9,20,1|177,224,168
1572|9,20,1;1,12,1;12,20,1;5,13,1|247,161,175
1573|5,13,1;20,2,1;20,20,1;10,10,1|193,126,214
1574|10,10,1;20,10,1;10,20,1;10,11,1;1,2,1|170,117,188,146
1575|1,2,1;1,1,1;20,1,1;10,2,1;1,13,1|119,176,159,156
1576|1,13,1;1,20,1;9,1,1;13,12,1;13,20,1|119,170,153,187
1577|13,20,1;20,20,1;1,1,1;1,20,1;20,1,1|151,179,125,153
1578|20,1,1;1,1,1;11,2,1;20,2,1|239,176,234
1579|20,2,1;19,1,1;20,1,1;20,20,1|239,114,132
1580|20,20,1;1,12,1;1,20,1;4,17,1|190,243,204
1581|4,17,1;7,20,1;1,9,1;9,1,1;9,10,1|175,204,119,167
1582|9,10,1;9,1,1;1,9,1;1,1,1;4,4,1|217,149,102,168
1583|4,4,1;20,10,1;11,10,1;1,20,1;20,20,1|122,247,185,110
1584|20,20,1;1,12,1;1,20,1;8,20,1;2,14,1|159,115,247,159
1585|2,14,1;1,15,1;1,20,1;12,1,1|168,121,245
1586|12,1,1;20,12,1;20,20,1;13,13,1|237,185,131
1587|13,13,1;20,6,1;15,1,1;20,1,1|142,113,248
1588|20,1,1;1,1,1;12,2,1;20,10,1|116,127,228
1589|20,10,1;19,20,1;19,11,1;20,11,1;20,20,1|129,224,156,133
1590|20,20,1;1,20,1;1,1,1;20,4,1|146,204,234
1591|20,4,1;9,20,1;1,20,1;1,1,1;11,11,1|117,179,187,154
1592|11,11,1;20,20,1;1,17,1;4,20,1|223,159,237
1593|4,20,1;1,17,1;12,20,1;10,18,1|235,248,136
1594|10,18,1;12,20,1;20,20,1;9,1,1|231,180,139
1595|9,1,1;1,1,1;12,20,1;20,20,1|153,225,201
1596|20,20,1;1,12,1;20,1,1;20,8,1|178,200,237
1597|20,8,1;2,1,1;1,2,1;1,1,1|204,190,222
1598|1,1,1;2,11,1;2,1,1;6,5,1;6,1,1|177,102,130,115
1599|6,1,1;1,1,1;12,20,1;11,19,1;11,12,1|130,167,139,164
1600|11,12,1;1,12,1;1,20,1;8,13,1|229,211,223
1601|8,13,1;8,1,1;20,1,1;20,20,1|237,249,210
1602|20,20,1;1,1,1;1,20,1;2,10,1;2,3,1|146,137,194,214
1603|2,3,1;20,3,1;1,6,1;14,4,1;1,4,1;1,5,1|128,100,100,186,173
1604|1,5,1;5,1,1;20,1,1;1,20,1;20,12,1|134,112,149,161
1605|20,12,1;20,20,1;12,1,1;8,19,1|167,212,221
1606|8,19,1;20,7,1;14,1,1;20,1,1|237,142,241
1607|20,1,1;20,20,1;19,10,1;11,10,1|138,219,194
1608|11,10,1;11,1,1;20,1,1;12,9,1|211,210,223
1609|12,9,1;20,9,1;1,12,1;12,8,1|235,224,103
1610|12,8,1;8,1,1;20,11,1;20,1,1;15,6,1;14,6,1|105,149,111,100,155
1611|14,6,1;1,15,1;4,15,1;20,9,1;5,16,1;1,20,1|125,129,125,147,164
1612|1,20,1;20,12,1;20,20,1;17,17,1|186,193,137
1613|17,17,1;14,20,1;20,9,1;12,1,1;1,20,1|194,139,183,148
1614|1,20,1;20,9,1;10,10,1;2,18,1;13,14,1|206,173,146,172
1615|13,14,1;19,20,1;1,13,1;1,20,1;20,17,1|243,148,122,151
1616|20,17,1;14,1,1;20,7,1;16,11,1;11,6,1|129,176,167,138
1617|11,6,1;1,16,1;1,15,1;5,11,1|189,241,224
1618|5,11,1;1,11,1;11,1,1;11,20,1;3,12,1|214,116,131,144
1619|3,12,1;1,1,1;1,20,1;8,13,1;8,20,1|178,222,111,159
1620|8,20,1;20,10,1;19,10,1;10,1,1|108,239,180
1621|10,1,1;1,12,1;9,1,1;9,11,1|241,244,165
1622|9,11,1;19,1,1;20,1,1;9,20,1;1,20,1|187,115,130,155
1623|1,20,1;9,1,1;1,1,1;1,8,1|119,135,217
1624|1,8,1;2,20,1;20,13,1;1,5,1;1,7,1|169,176,200,107
1625|1,7,1;20,7,1;11,7,1;11,1,1;1,1,1|123,204,148,210
1626|1,1,1;1,2,1;10,11,1;2,11,1;2,4,1|107,180,132,225
1627|2,4,1;1,3,1;14,1,1;20,7,1|225,187,225
1628|20,7,1;9,1,1;1,9,1;1,10,1|210,207,107
1629|1,10,1;1,1,1;9,20,1;9,13,1;3,13,1|150,138,147,112
1630|3,13,1;2,1,1;4,10,1;4,2,1;7,5,1|154,143,180,103
1631|7,5,1;3,1,1;1,10,1;2,9,1|105,239,182
1632|2,9,1;1,9,1;20,20,1;20,19,1;11,10,1|145,128,204,161
1633|11,10,1;2,1,1;20,8,1;10,20,1|237,229,179
1634|10,20,1;20,20,1;9,1,1;1,20,1;9,20,1|206,131,152,181
1635|9,20,1;9,19,1;1,11,1;8,11,1|214,186,225
1636|8,11,1;20,11,1;20,1,1;11,10,1;19,10,1|162,149,155,186
1637|19,10,1;20,10,1;20,20,1;19,19,1;10,19,1|135,212,127,130
1638|10,19,1;17,1,1;20,4,1;11,15,1;11,8,1|215,122,123,166
1639|11,8,1;1,8,1;8,1,1;8,7,1|223,166,246
1640|8,7,1;20,17,1;12,20,1;12,15,1;4,1,1|236,106,153,103
1641|4,1,1;20,12,1;13,8,1;13,9,1|237,151,193
1642|13,9,1;3,10,1;5,19,1;3,19,1|153,247,154
1643|3,19,1;1,17,1;1,1,1;2,12,1;2,17,1|151,204,176,159
1644|2,17,1;1,17,1;1,20,1;20,1,1|244,131,249
1645|20,1,1;9,20,1;10,19,1;19,19,1;10,10,1|246,106,142,192
1646|10,10,1;1,10,1;1,1,1;20,9,1;11,11,1|120,182,115,122
1647|11,11,1;20,2,1;10,1,1;10,2,1|173,187,234
1648|10,2,1;20,2,1;20,1,1;1,1,1|155,219,187
1649|1,1,1;12,20,1;20,1,1;2,1,1|173,187,247
1650|2,1,1;1,1,1;20,12,1;12,20,1;12,1,1|166,117,171,229
1651|12,1,1;11,11,1;2,11,1;2,3,1;9,10,1|227,199,116,124
1652|9,10,1;1,2,1;20,2,1;20,1,1|170,208,212
1653|20,1,1;1,1,1;20,4,1;11,13,1;1,13,1|103,211,184,189
1654|1,13,1;2,1,1;5,20,1;1,20,1|229,171,209
1655|1,20,1;20,1,1;12,20,1;20,20,1|213,227,170
1656|20,20,1;20,1,1;9,20,1;19,10,1|148,246,212
1657|19,10,1;10,1,1;1,10,1;11,20,1|217,217,154
1658|11,20,1;1,20,1;20,20,1;10,19,1;2,19,1|158,170,138,224
1659|2,19,1;1,18,1;18,1,1;7,11,1|242,167,244
1660|7,11,1;7,20,1;1,14,1;1,20,1|222,184,140
1661|1,20,1;4,1,1;1,1,1;20,20,1;20,1,1|203,122,229,107
1662|20,1,1;20,2,1;11,11,1;19,11,1;16,8,1|118,233,184,113
1663|16,8,1;1,4,1;1,20,1;20,12,1|242,225,143
1664|20,12,1;1,9,1;2,10,1;2,9,1;10,1,1|136,115,189,215
1665|10,1,1;1,1,1;12,20,1;11,10,1|239,231,217
1666|11,10,1;20,19,1;20,20,1;1,20,1;9,1,1|221,102,132,222
1667|9,1,1;20,20,1;12,6,1;12,5,1|217,141,223
1668|12,5,1;12,1,1;1,20,1;20,12,1|246,246,180
1669|20,12,1;20,20,1;1,20,1;9,1,1;1,4,1|100,140,202,122
1670|1,4,1;1,5,1;10,14,1;2,14,1|190,153,239
1671|2,14,1;1,13,1;20,13,1;20,20,1|214,223,181
1672|20,20,1;1,1,1;9,20,1;1,20,1|180,242,203
1673|1,20,1;20,17,1;17,20,1;17,15,1|246,211,118
1674|17,15,1;12,20,1;9,1,1;18,14,1|177,141,214
1675|18,14,1;20,14,1;18,1,1;10,20,1|209,160,157
1676|10,20,1;1,20,1;12,1,1;12,10,1|222,218,208
1677|12,10,1;12,1,1;20,1,1;13,8,1;20,15,1|151,123,155,193
1678|20,15,1;20,20,1;1,20,1;12,19,1|202,160,179
1679|12,19,1;11,18,1;1,18,1;1,20,1;2,19,1|109,246,144,186
1680|2,19,1;6,1,1;14,20,1;1,20,1;5,9,1|103,165,205,114
1681|5,9,1;1,9,1;20,20,1;17,1,1|222,168,243
1682|17,1,1;9,20,1;1,20,1;1,1,1|100,246,248
1683|1,1,1;20,1,1;12,20,1;20,20,1|112,248,120
1684|20,20,1;1,12,1;2,11,1;8,11,1|156,188,238
1685|8,11,1;1,18,1;20,10,1;11,1,1;1,11,1|149,181,225,119
1686|1,11,1;1,1,1;12,20,1;20,12,1|241,127,238
1687|20,12,1;20,20,1;1,20,1;11,19,1|168,207,245
1688|11,19,1;11,20,1;1,10,1;20,10,1;12,18,1|167,141,207,145
1689|12,18,1;20,18,1;18,20,1;20,20,1|221,224,152
1690|20,20,1;1,12,1;20,1,1;20,19,1|178,178,114
1691|20,19,1;8,20,1;18,9,1;10,1,1;1,1,1|154,120,182,158
1692|1,1,1;20,9,1;20,1,1;17,4,1;14,1,1;13,1,1|116,154,127,148,147
1693|13,1,1;20,8,1;1,8,1;1,1,1;12,10,1|162,106,197,126
1694|12,10,1;3,1,1;1,12,1;11,2,1|200,197,224
1695|11,2,1;1,12,1;9,20,1;1,20,1|229,249,163
1696|1,20,1;20,20,1;9,1,1;1,9,1|228,126,204
1697|1,9,1;20,17,1;9,10,1;1,10,1;11,20,1|101,247,117,215
1698|11,20,1;20,11,1;1,3,1;1,1,1;10,10,1|154,169,184,131
1699|10,10,1;10,20,1;20,10,1;20,1,1|228,194,116
1700|20,1,1;20,20,1;20,11,1;12,19,1|242,194,184
1701|12,19,1;12,20,1;12,1,1;1,8,1;7,2,1|109,126,144,233
1702|7,2,1;1,2,1;1,1,1;20,9,1;1,17,1|198,178,154,108
1703|1,17,1;20,14,1;20,20,1;9,10,1;18,1,1|201,212,155,117
1704|18,1,1;20,3,1;11,1,1;17,1,1;19,3,1|137,244,163,155
1705|19,3,1;20,4,1;20,5,1;16,9,1;19,9,1|115,100,183,223
1706|19,9,1;18,9,1;20,11,1;11,20,1;9,18,1|182,156,220,106
1707|9,18,1;9,20,1;1,20,1;20,1,1|240,163,225
1708|20,1,1;1,1,1;12,2,1;20,2,1;20,20,1|108,227,107,206
1709|20,20,1;1,12,1;4,20,1;1,17,1|128,224,239
1710|1,17,1;12,1,1;1,16,1;11,6,1|235,170,222
1711|11,6,1;11,1,1;1,11,1;20,3,1;12,3,1|139,100,143,201
1712|12,3,1;1,1,1;12,4,1;20,4,1;20,1,1|182,111,198,208
1713|20,1,1;20,20,1;19,10,1;10,1,1;1,10,1|151,243,104,174
1714|1,10,1;1,20,1;20,17,1;1,6,1|214,183,172
1715|1,6,1;6,1,1;1,12,1;1,7,1;5,7,1|104,187,121,231
1716|5,7,1;1,11,1;1,1,1;1,20,1|190,132,231
1717|1,20,1;20,1,1;9,11,1;18,2,1;10,2,1|144,231,106,101
1718|10,2,1;20,2,1;1,13,1;8,20,1|222,185,104
1719|8,20,1;1,13,1;20,10,1;1,18,1;5,18,1|124,218,136,126
1720|5,18,1;7,20,1;1,3,1;6,14,1;1,19,1|175,134,109,153
1721|1,19,1;11,20,1;20,20,1;12,1,1;20,1,1|153,203,171,121
1722|20,1,1;1,1,1;12,20,1;1,2,1;11,12,1|175,180,182,135
1723|11,12,1;11,20,1;20,11,1;20,20,1;20,10,1|165,150,134,116
1724|20,10,1;1,18,1;3,20,1;12,11,1|208,138,239
1725|1,12,1;20,20,1;12,1,1;1,11,1;19,11,1|139,153,121,187
1726|19,11,1;1,4,1;4,1,1;4,6,1|222,190,190
1727|4,6,1;1,6,1;6,1,1;9,20,1|227,160,240
1728|9,20,1;1,9,1;8,20,1;2,14,1|158,123,234
1729|2,14,1;1,15,1;6,20,1;14,1,1|222,176,164
1730|14,1,1;20,1,1;20,20,1;13,13,1;19,13,1|194,134,165,102
1731|19,13,1;1,6,1;1,1,1;5,8,1|158,156,198
1732|5,8,1;16,1,1;20,1,1;12,20,1|237,209,134
1733|12,20,1;20,9,1;20,1,1;2,8,1;1,8,1|136,163,170,179
1734|1,8,1;20,11,1;2,18,1;12,18,1|177,243,194
1735|12,18,1;12,20,1;11,20,1;2,11,1;12,1,1|148,120,143,173
1736|12,1,1;11,2,1;20,2,1;2,6,1;2,2,1|183,151,119,107
1737|2,2,1;1,2,1;2,1,1;1,1,1|119,245,225
1738|1,1,1;20,9,1;20,1,1;13,1,1|185,172,225
1739|13,1,1;20,12,1;10,2,1;20,2,1|205,233,213
1740|20,2,1;20,3,1;11,3,1;1,13,1|182,220,114
1741|1,13,1;5,20,1;5,14,1;1,14,1|168,201,215
1742|1,14,1;1,20,1;20,20,1;6,17,1;6,20,1|195,194,118,147
1743|6,20,1;20,9,1;20,1,1;17,20,1;17,10,1|234,105,146,193
1744|17,10,1;17,20,1;20,20,1;12,1,1|198,170,122
1745|12,1,1;9,20,1;5,9,1;1,5,1|223,107,187
1746|1,5,1;20,8,1;20,20,1;19,10,1;10,1,1|184,124,118,110
1747|10,1,1;1,10,1;1,20,1;20,20,1;13,13,1|101,240,125,217
1748|13,13,1;20,20,1;1,12,1;2,11,1|224,165,194
1749|2,11,1;2,20,1;20,16,1;14,16,1;16,14,1|159,144,165,136
1750|16,14,1;20,7,1;14,13,1;7,13,1;1,8,1|119,221,237,106
1751|1,8,1;8,1,1;1,1,1;1,7,1|207,240,148
1752|1,7,1;12,20,1;2,9,1;10,1,1;20,1,1|126,216,134,206
1753|20,1,1;20,2,1;16,6,1;19,9,1|119,208,160
1754|19,9,1;20,19,1;13,1,1;10,20,1;1,20,1|163,159,163,142
1755|1,20,1;20,9,1;12,1,1;12,8,1;1,1,1;9,9,1|154,133,109,174,101
1756|9,9,1;20,1,1;1,1,1;8,8,1;14,2,1;14,8,1|103,107,170,109,197
1757|14,8,1;20,8,1;20,1,1;9,20,1;10,20,1|107,118,143,216
1758|10,20,1;20,10,1;20,20,1;16,16,1;12,20,1|146,164,231,101
1759|12,20,1;4,1,1;1,1,1;11,11,1;1,11,1|138,103,234,197
1760|1,11,1;1,20,1;20,20,1;1,9,1;9,1,1;1,1,1|139,161,111,178,105
1761|1,1,1;20,9,1;2,2,1;1,14,1;8,14,1|158,102,147,232
1762|8,14,1;10,1,1;20,2,1;20,20,1|238,152,204
1763|20,20,1;12,1,1;20,1,1;20,8,1;14,2,1|142,111,178,146
1764|14,2,1;20,2,1;19,1,1;16,20,1|212,219,217
1765|16,20,1;20,20,1;12,1,1;9,20,1|202,236,186
1766|9,20,1;9,19,1;10,20,1;20,10,1|165,179,240
1767|20,10,1;19,20,1;16,1,1;20,1,1|190,136,234
1768|20,1,1;1,4,1;4,1,1;4,6,1|229,106,204
1769|4,6,1;15,1,1;1,4,1;20,7,1;20,1,1|176,138,117,128
1770|20,1,1;1,20,1;1,1,1;12,8,1;20,16,1|150,189,116,203
1771|20,16,1;9,20,1;1,12,1;1,20,1;8,20,1|147,162,202,157
1772|8,20,1;1,20,1;20,1,1;1,1,1;12,20,1|153,186,116,205
1773|12,20,1;1,1,1;8,8,1;8,1,1|132,234,213
1774|8,1,1;20,13,1;1,13,1;20,10,1|247,225,178
1775|20,10,1;18,1,1;20,1,1;20,9,1;11,9,1;18,2,1|110,130,143,107,173
1776|18,2,1;20,4,1;20,1,1;1,20,1;9,1,1|215,207,132,141
1777|9,1,1;9,20,1;1,12,1;8,5,1|204,116,153
1778|8,5,1;15,1,1;12,4,1;9,1,1|218,221,155
1779|9,1,1;1,9,1;1,10,1;10,1,1;20,1,1|121,111,142,246
1780|20,1,1;20,20,1;1,20,1;19,9,1|145,246,108
1781|19,9,1;19,1,1;20,1,1;20,20,1|226,138,118
1782|20,20,1;1,12,1;12,19,1;6,13,1|226,142,191
1783|6,13,1;1,8,1;1,20,1;20,12,1|219,245,137
1784|20,12,1;9,20,1;1,20,1;8,13,1|193,184,225
1785|8,13,1;1,6,1;1,1,1;2,2,1|188,183,220
1786|2,2,1;1,2,1;1,1,1;1,3,1;20,14,1|159,119,214,206
1787|20,14,1;20,13,1;13,20,1;1,20,1|217,227,153
1788|1,20,1;9,1,1;10,1,1;10,10,1|207,189,183
1789|10,10,1;20,20,1;20,1,1;11,12,1|244,236,179
1790|11,12,1;20,12,1;20,20,1;13,13,1;6,20,1|101,200,208,104
1791|6,20,1;14,1,1;20,1,1;20,20,1|246,147,161
1792|20,20,1;12,1,1;20,1,1;20,8,1|197,184,211
1793|20,8,1;13,1,1;20,1,1;20,7,1;15,2,1|117,182,113,177
1794|15,2,1;20,2,1;1,13,1;8,20,1|156,183,228
1795|1,1,1;9,20,1;2,9,1;8,15,1|207,110,246
1796|8,15,1;3,20,1;1,20,1;1,1,1;20,1,1;9,20,1|217,109,101,113,102
1797|9,20,1;20,1,1;1,1,1;12,16,1;19,9,1|108,157,130,117
1798|20,1,1;9,11,1;1,19,1;1,20,1;8,13,1|114,199,108,207
1799|8,13,1;1,6,1;4,20,1;20,4,1;6,1,1|146,172,223,112
1800|6,1,1;20,15,1;1,15,1;4,1,1|214,219,214
1801|4,1,1;1,1,1;20,20,1;10,9,1;10,1,1|110,192,153,131
1802|10,1,1;20,11,1;11,20,1;1,10,1|202,220,217
1803|1,10,1;11,20,1;20,11,1;20,20,1|154,164,186
1804|20,20,1;1,20,1;20,1,1;2,8,1;12,8,1|108,248,214,102
1805|12,8,1;1,1,1;12,7,1;7,2,1|150,208,226
1806|7,2,1;1,2,1;12,20,1;9,12,1|184,206,225
1807|9,12,1;1,20,1;20,12,1;20,20,1|187,235,168
1808|20,20,1;19,9,1;19,1,1;20,1,1|195,182,194
1809|20,1,1;17,20,1;17,5,1;13,1,1;19,1,1|186,128,211,168
1810|19,1,1;20,12,1;12,20,1;18,3,1|200,189,139
1811|18,3,1;17,3,1;13,7,1;12,7,1|240,220,156
1812|12,7,1;10,20,1;1,20,1;11,9,1|196,157,231
1813|11,9,1;11,1,1;20,1,1;12,4,1;12,20,1|153,154,237,109
1814|12,20,1;9,1,1;1,1,1;4,4,1|245,100,184
1815|4,4,1;7,1,1;18,20,1;20,18,1|246,103,236
1816|20,18,1;18,20,1;1,20,1;9,1,1|175,243,220
1817|9,1,1;1,4,1;6,20,1;6,10,1;8,8,1|136,156,101,184
1818|8,8,1;8,20,1;1,20,1;7,14,1|189,198,155
1819|7,14,1;13,20,1;20,2,1;14,13,1;14,20,1|107,180,135,116
1820|14,20,1;20,3,1;11,1,1;12,2,1|237,154,127
1821|12,2,1;20,10,1;19,20,1;19,11,1|208,163,213
1822|19,11,1;9,1,1;1,1,1;9,20,1;12,1,1|104,180,229,183
1823|12,1,1;20,9,1;20,1,1;13,1,1;1,12,1|249,165,143,140
1824|1,12,1;4,20,1;1,17,1;1,20,1;11,10,1;4,10,1|140,147,121,110,163
1825|4,10,1;4,1,1;7,20,1;1,20,1;1,1,1|101,138,202,227
1826|1,1,1;20,1,1;20,20,1;2,2,1|196,144,244
1827|2,2,1;1,2,1;2,1,1;1,1,1|192,141,185
1828|1,1,1;20,9,1;1,9,1;8,2,1;12,2,1|217,181,142,126
1829|12,2,1;20,5,1;2,5,1;2,12,1;12,12,1|101,193,157,242
1830|12,12,1;20,1,1;12,20,1;11,10,1;1,10,1|161,150,148,234
1831|1,10,1;10,1,1;20,11,1;11,20,1|241,165,244
1832|11,20,1;20,11,1;18,20,1;20,18,1;17,18,1|139,180,109,235
1833|17,18,1;11,1,1;1,11,1;1,1,1;10,1,1|132,168,110,157
1834|10,1,1;1,1,1;1,2,1;10,11,1|175,185,221
1835|1,1,1;20,9,1;17,1,1;17,5,1;20,2,1|186,179,131,132
1836|20,2,1;20,20,1;9,1,1;1,12,1;8,5,1|192,151,103,149
1837|8,5,1;12,20,1;20,17,1;13,13,1;13,11,1;20,4,1|114,207,120,103,146
1838|20,4,1;20,1,1;1,12,1;1,20,1;20,12,1|150,192,157,125
1839|20,12,1;20,20,1;1,12,1;8,12,1;8,18,1|125,170,174,115
1840|8,18,1;8,20,1;20,19,1;13,1,1;20,1,1|220,165,109,117
1841|20,1,1;20,2,1;19,1,1;16,20,1|165,246,167
1842|16,20,1;20,16,1;1,5,1;1,1,1;4,4,1|173,149,211,112
1843|4,4,1;1,12,1;3,3,1;14,13,1;20,7,1|151,103,235,128
1844|20,7,1;1,15,1;1,20,1;20,20,1|208,224,242
1845|20,20,1;9,1,1;1,1,1;8,5,1|157,176,238
1846|8,5,1;8,6,1;3,1,1;7,12,1;7,20,1|177,174,112,157
1847|7,20,1;15,1,1;20,12,1;12,20,1;4,1,1|243,202,111,132
1848|4,1,1;1,1,1;20,1,1;13,8,1|230,213,176
1849|13,8,1;20,15,1;15,20,1;15,11,1|209,168,201
1850|15,11,1;20,11,1;20,20,1;17,12,1|137,212,215
1851|17,12,1;20,9,1;12,1,1;11,1,1;2,10,1|193,114,208,182
1852|2,10,1;1,11,1;10,20,1;1,18,1|221,207,119
1853|1,18,1;1,1,1;20,4,1;20,1,1;11,12,1|143,137,242,107
1854|11,12,1;11,20,1;1,10,1;10,1,1;1,1,1|164,125,150,165
1855|1,1,1;20,1,1;9,20,1;1,20,1;1,13,1|179,140,113,183
1856|1,13,1;8,20,1;1,20,1;1,14,1|194,130,207
1857|1,14,1;12,1,1;12,20,1;20,12,1|245,133,228
1858|20,12,1;1,4,1;6,20,1;1,20,1;1,16,1|150,100,146,201
1859|1,16,1;1,15,1;11,15,1;2,6,1|116,220,190
1860|2,6,1;5,20,1;14,7,1;20,1,1;9,5,1|171,140,101,167
1861|9,5,1;20,1,1;17,4,1;17,1,1;1,1,1;20,20,1|114,205,120,105,137
1862|20,20,1;20,1,1;9,20,1;1,12,1|201,104,215
1863|1,12,1;20,9,1;1,1,1;1,11,1;10,20,1|128,193,123,135
1864|10,20,1;1,20,1;20,20,1;13,13,1|205,227,153
1865|13,13,1;6,20,1;20,9,1;9,18,1|137,204,162
1866|9,18,1;1,18,1;7,1,1;1,6,1;1,1,1|110,197,190,165
1867|1,1,1;4,20,1;1,17,1;8,10,1;9,10,1|160,103,159,129
1868|9,10,1;11,1,1;11,9,1;18,9,1|195,167,227
1869|18,9,1;20,7,1;20,1,1;1,20,1|120,211,236
1870|1,20,1;20,12,1;20,20,1;17,17,1;17,16,1|161,136,114,147
1871|17,16,1;20,19,1;1,19,1;5,1,1;1,1,1|104,121,211,146
1872|1,1,1;11,2,1;1,2,1;5,6,1;5,7,1|136,171,206,106
1873|5,7,1;1,7,1;20,10,1;20,1,1|197,249,241
1874|20,1,1;17,20,1;17,13,1;11,13,1;16,18,1|127,132,225,151
1875|16,18,1;20,14,1;9,20,1;1,12,1;1,20,1|112,142,138,181
1876|1,20,1;1,1,1;5,8,1;2,5,1;7,5,1|136,140,144,188
1877|7,5,1;7,20,1;20,20,1;10,19,1|213,165,200
1878|10,19,1;10,20,1;1,20,1;1,1,1|249,212,218
1879|1,1,1;1,20,1;20,20,1;12,1,1;2,11,1|160,232,148,152
1880|2,11,1;2,1,1;1,1,1;12,20,1;20,20,1|156,211,214,118
1881|20,20,1;1,20,1;11,19,1;3,19,1;6,16,1|164,124,100,221
1882|6,16,1;1,11,1;11,1,1;20,1,1;9,20,1|203,114,132,216
1883|9,20,1;9,1,1;20,19,1;10,9,1|150,139,225
1884|10,9,1;18,1,1;20,1,1;1,20,1;1,1,1|175,192,102,178
1885|1,1,1;20,1,1;20,20,1;1,20,1;8,13,1|158,200,198,108
1886|8,13,1;7,1,1;1,1,1;7,7,1|149,236,177
1887|7,7,1;13,1,1;10,20,1;20,10,1|220,133,202
1888|20,10,1;20,20,1;1,12,1;1,20,1|213,141,238
1889|1,20,1;20,1,1;10,12,1;18,20,1;20,20,1|115,194,143,238
1890|20,20,1;20,19,1;16,15,1;19,15,1;19,17,1|105,164,198,171
1891|19,17,1;19,20,1;20,19,1;1,8,1|176,240,171
1892|1,8,1;20,16,1;20,20,1;19,19,1;19,16,1|112,161,134,178
1893|19,16,1;20,17,1;17,20,1;1,9,1|132,207,181
1894|1,9,1;1,1,1;20,9,1;19,9,1|166,166,217
1895|19,9,1;20,8,1;20,1,1;1,12,1;12,10,1|143,211,189,115
1896|12,10,1;20,10,1;20,1,1;1,12,1;9,20,1|214,120,156,117
1897|9,20,1;12,1,1;20,4,1;20,8,1|175,212,237
1898|20,8,1;20,1,1;12,20,1;8,13,1|221,180,135
1899|8,13,1;1,6,1;1,20,1;7,14,1|136,185,205
1900|7,14,1;1,20,1;2,20,1;6,16,1|215,148,165
1901|6,16,1;1,10,1;1,20,1;3,9,1;6,6,1|183,113,179,143
1902|6,6,1;1,11,1;1,20,1;20,1,1|248,134,189
1903|20,1,1;12,20,1;11,19,1;12,19,1|185,137,205
1904|12,19,1;11,20,1;3,1,1;1,1,1|235,176,234
1905|1,1,1;1,20,1;2,9,1;2,18,1;10,10,1|137,222,135,129
1906|10,10,1;1,1,1;20,9,1;1,20,1;12,2,1|105,219,233,105
1907|12,2,1;11,1,1;19,20,1;1,2,1;7,13,1|156,108,219,109
1908|7,13,1;7,20,1;1,14,1;6,14,1|228,211,172
1909|6,14,1;1,14,1;10,1,1;10,4,1;7,1,1|226,130,212,127
1910|7,1,1;1,1,1;20,12,1;12,20,1;10,9,1;1,18,1|106,110,109,125,181
1911|1,18,1;20,15,1;20,20,1;1,20,1|197,181,223
1912|1,20,1;20,20,1;9,1,1;1,4,1|134,219,181
1913|1,4,1;15,1,1;7,20,1;20,18,1;10,18,1|141,227,188,109
1914|10,18,1;20,18,1;18,20,1;18,19,1;1,13,1|128,191,149,104
1915|1,13,1;1,20,1;20,20,1;12,1,1;8,12,1|248,124,105,193
1916|8,12,1;1,19,1;20,11,1;20,20,1|219,206,246
1917|20,20,1;9,1,1;1,9,1;8,9,1;1,2,1|117,109,205,135
1918|1,1,1;9,20,1;1,17,1;5,17,1|123,237,232
1919|5,17,1;1,17,1;6,1,1;20,4,1;20,1,1|101,178,203,151
1920|20,1,1;1,9,1;12,2,1;6,8,1;5,7,1|162,205,148,152
1921|5,7,1;1,11,1;1,1,1;1,20,1|232,173,240
1922|1,20,1;20,9,1;9,11,1;18,20,1|118,240,227
1923|18,20,1;17,20,1;13,16,1;17,12,1;17,19,1|177,134,129,157
1924|17,19,1;16,20,1;1,20,1;12,1,1;10,12,1|171,173,206,120
1925|10,12,1;2,20,1;5,1,1;5,8,1;1,4,1|100,137,245,127
1926|1,4,1;17,20,1;20,17,1;20,20,1;2,9,1|115,154,185,145
1927|2,9,1;1,10,1;2,20,1;2,11,1;1,11,1|144,127,119,181
1928|1,11,1;1,1,1;9,20,1;13,13,1|230,246,159
1929|13,13,1;20,20,1;12,1,1;1,20,1|111,237,199
1930|1,20,1;1,1,1;8,8,1;2,8,1|224,208,187
1931|2,8,1;2,1,1;20,1,1;1,12,1|166,242,176
1932|1,12,1;20,9,1;20,1,1;17,4,1;17,5,1|125,214,242,106
1933|17,5,1;20,8,1;8,20,1;1,16,1|198,125,238
1934|1,16,1;5,1,1;2,9,1;4,9,1|109,245,200
1935|4,9,1;1,12,1;9,20,1;10,20,1|200,154,241
1936|10,20,1;1,20,1;12,1,1;20,1,1;20,20,1|115,244,101,232
1937|20,20,1;17,1,1;17,19,1;10,12,1;16,6,1|119,181,131,241
1938|16,6,1;20,6,1;15,1,1;14,1,1;18,5,1|164,231,107,181
1939|18,5,1;7,1,1;1,7,1;20,18,1;18,20,1|160,212,112,102
1940|18,20,1;20,20,1;1,17,1;1,20,1;6,14,1|102,223,149,141
1941|6,14,1;20,3,1;20,1,1;9,10,1|165,204,197
1942|9,10,1;18,1,1;20,3,1;14,20,1;20,20,1|163,125,212,149
1943|20,20,1;12,1,1;9,20,1;19,10,1|232,158,229
1944|19,10,1;9,20,1;1,17,1;4,20,1|248,132,248
1945|4,20,1;5,20,1;1,16,1;9,13,1;2,20,1|110,112,155,240
1946|2,20,1;13,1,1;1,2,1;7,8,1;1,8,1|123,198,200,156
1947|1,8,1;20,19,1;20,1,1;19,11,1;13,11,1|128,223,101,129
1948|13,11,1;20,18,1;20,1,1;1,12,1|184,219,219
1949|1,12,1;1,20,1;9,1,1;10,1,1|241,189,142
1950|10,1,1;20,11,1;1,3,1;12,12,1|219,242,101
1951|12,12,1;20,20,1;1,20,1;9,1,1;13,12,1|158,163,149,176
1952|13,12,1;5,20,1;1,16,1;1,20,1;2,19,1|216,121,148,120
1953|2,19,1;1,8,1;8,1,1;20,1,1|212,140,182
1954|20,1,1;20,20,1;1,20,1;12,19,1|211,246,232
1955|12,19,1;12,20,1;20,20,1;11,20,1|201,209,213
1956|11,20,1;1,10,1;20,10,1;11,1,1|138,229,192
1957|11,1,1;20,1,1;1,20,1;20,12,1|203,199,234
1958|20,12,1;1,9,1;12,2,1;6,8,1|203,241,236
1959|6,8,1;1,14,1;7,8,1;7,4,1|235,232,144
1960|7,4,1;15,1,1;20,1,1;13,5,1;19,5,1|139,161,184,128
1961|19,5,1;15,1,1;20,17,1;20,1,1|144,236,203
1962|20,1,1;1,4,1;4,1,1;1,1,1;1,3,1|228,118,166,170
1963|1,3,1;20,14,1;9,10,1;19,10,1|121,223,185
1964|19,10,1;19,20,1;1,16,1;12,1,1;20,1,1|164,117,195,210
1965|20,1,1;20,20,1;19,9,1;19,18,1;11,10,1|129,216,120,168
1966|11,10,1;20,19,1;1,16,1;1,20,1;10,11,1;7,11,1|195,103,144,108,134
1967|7,11,1;18,20,1;1,20,1;1,1,1;10,10,1|119,193,207,180
1968|10,10,1;1,1,1;1,20,1;20,17,1|208,193,188
1969|20,17,1;17,20,1;20,20,1;1,12,1;11,12,1|123,130,180,181
1970|11,12,1;11,20,1;1,10,1;20,10,1|198,210,220
1971|20,10,1;10,20,1;18,1,1;9,10,1|205,155,208
1972|9,10,1;9,20,1;1,17,1;4,20,1;1,20,1|117,195,159,161
1973|1,20,1;20,9,1;6,17,1;3,20,1;8,20,1|192,210,124,104
1974|8,20,1;8,19,1;1,19,1;2,20,1;7,20,1|220,162,100,195
1975|7,20,1;1,20,1;4,1,1;1,4,1|212,172,159
1976|1,4,1;4,1,1;1,1,1;1,3,1;20,14,1|125,132,106,168
1977|20,14,1;14,20,1;20,9,1;12,1,1;9,20,1|248,116,223,103
1978|9,20,1;1,17,1;12,1,1;20,1,1;4,7,1|244,128,125,112
1979|4,7,1;1,4,1;6,20,1;9,1,1|176,183,178
1980|9,1,1;20,20,1;1,12,1;19,19,1|206,123,154
1981|19,19,1;1,8,1;2,20,1;10,12,1|122,113,241
1982|10,12,1;20,2,1;9,1,1;1,1,1|103,197,223
1983|1,1,1;1,20,1;20,12,1;13,1,1;19,6,1|154,115,101,182
1984|19,6,1;1,6,1;1,1,1;5,5,1|178,187,246
1985|5,5,1;9,1,1;1,4,1;4,1,1|164,193,160
1986|4,1,1;1,12,1;3,1,1;2,2,1;3,2,1|173,181,166,124
1987|3,2,1;20,2,1;20,1,1;11,3,1;11,4,1|106,100,174,242
1988|11,4,1;8,1,1;20,1,1;12,20,1;7,3,1|132,143,195,159
1989|7,3,1;9,1,1;1,1,1;10,1,1;10,9,1|115,106,248,141
1990|10,9,1;1,18,1;3,20,1;20,9,1;12,1,1|190,171,121,130
1991|12,1,1;20,9,1;1,20,1;4,1,1;11,1,1|119,247,143,111
1992|11,1,1;20,1,1;9,20,1;13,9,1;5,1,1|197,150,109,168
1993|5,1,1;20,1,1;20,20,1;1,1,1;4,1,1|168,235,108,106
1994|4,1,1;1,1,1;20,12,1;5,1,1|129,196,192
1995|5,1,1;1,5,1;1,1,1;2,2,1|173,196,208
1996|2,2,1;2,1,1;1,2,1;19,20,1|148,234,161
1997|19,20,1;18,19,1;9,19,1;19,19,1;15,15,1|141,134,182,141
1998|15,15,1;15,20,1;14,19,1;5,19,1|127,204,227
1999|5,19,1;1,19,1;5,1,1;20,5,1;9,20,1|246,165,152,107
2000|9,20,1;1,20,1;20,12,1;20,20,1;17,17,1|132,153,149,244
