path_num|points|times
1|6,6,1;6,12,1;12,12,1;1,9,1;5,6,1;1,10,1|248,52,98,61,211
2|1,10,1;1,12,1;8,1,1|256,247
3|8,1,1;12,12,1;12,1,1;9,1,1;11,8,1|241,270,110,56
4|11,8,1;12,8,1;8,12,1;12,12,1|258,205,171
5|12,12,1;1,8,1;8,7,1;3,2,1|214,180,269
6|3,2,1;3,1,1;1,1,1;1,12,1;12,12,1;5,11,1|157,161,125,143,50
7|5,11,1;1,4,1;7,10,1;11,6,1|150,58,248
8|11,6,1;11,1,1;12,2,1;9,12,1|177,114,181
9|9,12,1;1,6,1;7,12,1;1,12,1|171,262,239
10|1,12,1;12,1,1;5,7,1;1,7,1|81,262,212
11|1,7,1;7,1,1;1,1,1;1,6,1|255,128,246
12|1,6,1;12,2,1;11,1,1;4,5,1|261,277,142
13|4,5,1;1,9,1;7,9,1;1,3,1|110,200,171
14|1,3,1;1,1,1;2,1,1;7,6,1|65,253,276
15|7,6,1;12,6,1;7,1,1;1,1,1|279,261,141
16|1,1,1;2,1,1;2,7,1;7,2,1|229,114,229
17|7,2,1;1,2,1;8,12,1|294,297
18|8,12,1;7,12,1;5,10,1;4,11,1;5,11,1;1,7,1|166,142,80,138,104
19|1,7,1;1,12,1;12,8,1;1,5,1;8,11,1;11,8,1|110,132,128,112,99
20|11,8,1;12,7,1;1,11,1;8,8,1|206,181,290
21|8,8,1;12,8,1;12,12,1;9,9,1|134,252,227
22|9,9,1;9,1,1;12,1,1|251,172
23|12,1,1;5,12,1;1,8,1;11,1,1;1,5,1|188,62,244,133
24|1,5,1;12,5,1;8,1,1;8,4,1;11,1,1;12,2,1|86,136,161,102,160
25|12,2,1;11,1,1;1,5,1;1,1,1|235,175,287
26|1,1,1;5,12,1;9,1,1;12,4,1|185,299,196
27|12,4,1;12,1,1;1,1,1;11,5,1;12,5,1;9,2,1|72,55,157,107,246
28|9,2,1;5,12,1;9,1,1;1,1,1|241,168,186
29|1,1,1;4,12,1;1,12,1;8,1,1|232,150,203
30|8,1,1;5,12,1;12,6,1;10,8,1;8,6,1;8,7,1|70,77,182,74,130
31|8,7,1;8,12,1;12,12,1;9,9,1;12,6,1|246,247,67,126
32|12,6,1;12,12,1;1,8,1;12,1,1;8,11,1|99,85,122,282
33|8,11,1;9,12,1;1,12,1;12,1,1|271,241,57
34|12,1,1;8,12,1;12,12,1;11,11,1|118,188,176
35|11,11,1;12,11,1;2,1,1;1,2,1|265,98,278
36|1,2,1;1,1,1;12,5,1;12,6,1;8,2,1|120,269,165,130
37|8,2,1;12,6,1;12,12,1;1,5,1;11,12,1;5,6,1;10,1,1|117,65,118,178,62,122
38|10,1,1;12,10,1;10,12,1;12,12,1;12,11,1|116,186,214,145
39|12,11,1;11,12,1;12,12,1;9,1,1;11,10,1;12,10,1|54,127,102,225,90
40|12,10,1;5,12,1;1,12,1;5,1,1;1,1,1|83,238,73,268
41|1,1,1;12,5,1;1,12,1;12,8,1;10,8,1|262,194,55,113
42|10,8,1;10,12,1;12,3,1;11,11,1|163,239,199
43|11,11,1;11,12,1;11,10,1;12,10,1|104,248,78
44|12,10,1;1,3,1;3,1,1;4,2,1|270,292,62
45|4,2,1;7,12,1;1,12,1|252,219
46|1,12,1;12,9,1;11,1,1;12,1,1;9,4,1|95,52,212,116
47|9,4,1;9,1,1;12,1,1;10,3,1;12,10,1;10,12,1|182,109,63,68,56
48|10,12,1;3,1,1;1,1,1;2,8,1|248,212,225
49|2,8,1;6,12,1;12,5,1;8,1,1;12,1,1;11,2,1;12,2,1|106,128,89,93,118,129
50|12,2,1;12,1,1;1,4,1;2,12,1|166,103,268
51|2,12,1;6,1,1;12,8,1;12,12,1|251,125,152
52|12,12,1;1,8,1;1,12,1;4,12,1;12,5,1;12,11,1|247,120,117,123,87
53|12,11,1;1,4,1;2,12,1;9,9,1;7,11,1|172,193,246,70
54|7,11,1;1,5,1;5,1,1;1,1,1;2,2,1|54,269,101,145
55|2,2,1;1,2,1;1,1,1;12,1,1;9,12,1|93,186,214,136
56|9,12,1;1,11,1;1,12,1;8,11,1;3,11,1|207,204,89,187
57|3,11,1;1,9,1;1,12,1;12,5,1;7,5,1|98,148,238,100
58|7,5,1;7,1,1;12,1,1|222,293
59|12,1,1;1,4,1;1,1,1;4,1,1;2,3,1|169,127,259,137
60|2,3,1;1,3,1;10,12,1;12,12,1;5,6,1|156,105,96,181
61|5,6,1;5,1,1;1,12,1;4,5,1;4,8,1|251,226,107,108
62|4,8,1;4,12,1;1,12,1;3,10,1|250,172,277
63|3,10,1;5,1,1;4,8,1;4,12,1;1,12,1|199,271,57,139
64|1,12,1;12,5,1;12,1,1|282,239
65|12,1,1;9,12,1;12,12,1|279,263
66|12,12,1;1,1,1;1,12,1;4,9,1;2,9,1;2,3,1|252,153,83,76,55
67|2,3,1;1,2,1;2,1,1;12,4,1|169,177,246
68|12,4,1;1,11,1;2,10,1|281,238
69|2,10,1;7,1,1;7,9,1;1,9,1|90,240,144
70|1,9,1;12,6,1;12,12,1;12,1,1;1,12,1|255,51,128,229
71|1,12,1;12,9,1;12,1,1;5,7,1|163,141,234
72|5,7,1;10,12,1;12,10,1;12,12,1;11,12,1|185,64,57,197
73|11,12,1;12,11,1;2,1,1;2,12,1;1,5,1|87,150,183,133
74|1,5,1;2,5,1;6,1,1;12,1,1;12,12,1;6,6,1|202,88,130,51,199
75|6,6,1;11,1,1;12,2,1;11,2,1;12,3,1;10,12,1|131,50,153,155,110
76|10,12,1;1,5,1;9,12,1;9,6,1;2,11,1|150,262,182,56
77|2,11,1;1,3,1;12,3,1;5,9,1|283,213,159
78|5,9,1;5,12,1;8,1,1;7,8,1|236,189,271
79|7,8,1;1,2,1;1,1,1|237,238
80|1,1,1;12,5,1;1,9,1;4,12,1|149,118,293
81|4,12,1;12,6,1;6,12,1;5,11,1|250,239,193
82|5,11,1;1,4,1;4,7,1;1,7,1|146,170,298
83|1,7,1;12,3,1;10,1,1;5,6,1;1,2,1;2,1,1|71,66,255,228,54
84|2,1,1;12,1,1;12,12,1;11,6,1;11,2,1;1,2,1|221,231,69,96,55
85|1,2,1;8,12,1;12,12,1;5,1,1|92,231,243
86|5,1,1;1,5,1;12,12,1;5,8,1;1,12,1;1,6,1|90,123,128,142,84
87|1,6,1;7,12,1;12,7,1;6,1,1|231,140,216
88|6,1,1;12,1,1;12,12,1;8,2,1;11,2,1|249,198,113,128
89|11,2,1;12,1,1;10,3,1;9,2,1;9,3,1|53,75,165,242
90|9,3,1;11,1,1;12,1,1|176,252
91|12,1,1;1,5,1;1,6,1;3,8,1|129,151,175
92|3,8,1;12,1,1;4,8,1;1,5,1|187,185,235
93|1,5,1;12,1,1;12,2,1;10,4,1|182,201,256
94|10,4,1;12,2,1;11,1,1;11,2,1;12,3,1|51,248,141,253
95|12,3,1;1,3,1;1,1,1;8,2,1|286,93,263
96|8,2,1;9,1,1;12,1,1;1,8,1;2,7,1|115,150,160,143
97|2,7,1;1,8,1;1,12,1;1,1,1;4,4,1|84,89,235,194
98|4,4,1;1,4,1;5,4,1;8,1,1;12,5,1;2,9,1|98,287,116,58,109
99|2,9,1;1,9,1;4,12,1;8,1,1;5,11,1|212,111,171,169
100|5,11,1;1,7,1;2,1,1;1,1,1;6,6,1;1,6,1;3,4,1|224,79,110,88,87,92
101|3,4,1;1,2,1;1,1,1;8,12,1;1,3,1|122,118,69,297
102|1,3,1;12,10,1;10,12,1|248,243
103|10,12,1;12,10,1;3,1,1;1,3,1;1,1,1|132,195,100,263
104|1,1,1;2,1,1;2,6,1;8,12,1;12,12,1|83,220,75,141
105|12,12,1;12,1,1;5,12,1;1,12,1;4,9,1;1,6,1|166,138,78,78,169
106|1,6,1;2,12,1;1,11,1;1,12,1|92,223,254
107|1,12,1;1,1,1;4,4,1;7,1,1|263,126,95
108|7,1,1;12,6,1;12,1,1;8,1,1;11,4,1|104,238,122,223
109|11,4,1;12,4,1;12,1,1|261,269
110|12,1,1;1,12,1;8,9,1;12,9,1;9,12,1|75,275,143,101
111|9,12,1;12,12,1;8,1,1;7,2,1;8,2,1;8,4,1|72,178,213,150,74
112|8,4,1;1,1,1;2,7,1;2,9,1;8,2,1;9,1,1|61,156,89,135,166
113|9,1,1;1,8,1;1,12,1;12,12,1|131,130,170
114|12,12,1;1,1,1;1,2,1;3,4,1;5,2,1|193,270,144,70
115|5,2,1;1,9,1;2,1,1;12,4,1;12,1,1|140,122,187,102
116|12,1,1;8,12,1;12,12,1;12,9,1;1,6,1;1,1,1|105,204,149,138,93
117|1,1,1;12,8,1;8,12,1;8,9,1|262,198,121
118|8,9,1;2,1,1;12,1,1;12,12,1;9,9,1|232,184,78,174
119|9,9,1;12,6,1;12,1,1;5,12,1|198,249,204
120|5,12,1;1,12,1;6,12,1;1,7,1|293,125,246
121|1,7,1;6,12,1;1,12,1;12,9,1|155,272,199
122|12,9,1;12,12,1;12,8,1;9,11,1;1,4,1|104,89,276,143
123|1,4,1;1,12,1;12,8,1|259,264
124|12,8,1;8,12,1;12,12,1;11,11,1;12,10,1|99,156,279,129
125|12,10,1;7,1,1;7,4,1;12,4,1;10,6,1|103,93,83,291
126|10,6,1;3,12,1;8,7,1;4,7,1|284,206,122
127|4,7,1;9,12,1;1,11,1;7,11,1;12,6,1|213,68,239,85
128|12,6,1;5,12,1;7,7,1;6,8,1|297,234,51
129|6,8,1;12,2,1;12,1,1;1,5,1|165,268,147
130|1,5,1;5,1,1;5,2,1;1,6,1|255,244,142
131|1,6,1;7,12,1;12,7,1;12,12,1;8,12,1|114,284,186,87
132|8,12,1;1,6,1;3,8,1;2,8,1;6,12,1|95,124,193,108
133|6,12,1;10,1,1;1,10,1;1,1,1;2,1,1|186,232,104,139
134|2,1,1;1,1,1;4,12,1;1,12,1|208,192,190
135|1,12,1;1,1,1;12,5,1;9,5,1;1,11,1|254,68,158,187
136|1,11,1;9,12,1;1,12,1;4,9,1;6,11,1|177,97,128,244
137|6,11,1;1,6,1;6,1,1|274,265
138|6,1,1;1,6,1;7,12,1;11,1,1;8,11,1|190,204,159,85
139|8,11,1;8,12,1;12,12,1;6,5,1;2,1,1|132,88,273,84
140|2,1,1;9,12,1;12,9,1;10,9,1|191,283,178
141|10,9,1;1,9,1;1,12,1;3,10,1|64,242,269
142|3,10,1;5,12,1;8,1,1;12,12,1;6,12,1|127,213,72,219
143|6,12,1;1,7,1;7,1,1|221,235
144|7,1,1;12,6,1;12,12,1;1,8,1|187,259,131
145|1,8,1;5,12,1;1,12,1;1,9,1;3,11,1;2,11,1|153,151,279,63,51
146|2,11,1;8,12,1;12,12,1;5,10,1|246,104,196
147|5,10,1;1,6,1;12,10,1;10,1,1;10,7,1;11,7,1;11,3,1|58,51,82,58,167,273
148|11,3,1;12,2,1;6,1,1;1,1,1|292,80,150
149|1,1,1;12,5,1;9,1,1|214,219
150|9,1,1;2,12,1;1,12,1;8,7,1;2,7,1|63,186,101,119
151|2,7,1;1,8,1;8,12,1;4,9,1;4,11,1;6,9,1|154,88,125,106,218
152|6,9,1;1,4,1;4,1,1;4,12,1;1,12,1|148,79,221,237
153|1,12,1;12,8,1;12,12,1;9,12,1;11,10,1|79,91,100,243
154|11,10,1;12,9,1;1,2,1;4,5,1|115,177,211
155|4,5,1;1,2,1;12,6,1;12,1,1;5,12,1|101,56,157,279
156|5,12,1;1,12,1;1,1,1;12,1,1|233,209,251
157|12,1,1;1,1,1;4,4,1;11,3,1|153,146,260
158|11,3,1;12,2,1;12,1,1;1,5,1|102,112,276
159|1,5,1;12,5,1;9,12,1;9,6,1;11,6,1|264,221,67,75
160|11,6,1;12,6,1;6,12,1;1,7,1;1,1,1|96,196,263,77
161|1,1,1;5,12,1;5,9,1;8,12,1|133,196,212
162|8,12,1;12,5,1;5,10,1;1,6,1;1,12,1|57,269,69,152
163|1,12,1;12,1,1;6,8,1;11,3,1|143,117,299
164|11,3,1;12,10,1;10,12,1;1,10,1|255,183,230
165|1,10,1;10,12,1;12,10,1;5,1,1|100,291,269
166|5,1,1;1,8,1;4,1,1;2,3,1|116,145,233
167|2,3,1;1,4,1;9,12,1;1,11,1;7,11,1|102,111,160,165
168|7,11,1;6,12,1;12,12,1|297,199
169|12,12,1;8,1,1;12,1,1;12,4,1;10,2,1|111,212,198,153
170|10,2,1;9,1,1;12,11,1;11,3,1;11,1,1;12,1,1|156,72,54,90,118
171|12,1,1;1,12,1;6,7,1;6,6,1;2,6,1;8,12,1|159,64,134,53,256
172|8,12,1;12,12,1;1,1,1;4,11,1|164,159,213
173|4,11,1;3,12,1;7,1,1;12,6,1;12,12,1|217,164,67,211
174|12,12,1;1,8,1;1,12,1;4,12,1;2,10,1|101,257,140,168
175|2,10,1;1,2,1;1,12,1;3,7,1;9,1,1;12,1,1;8,4,1|106,84,50,111,281,67
176|8,4,1;8,1,1;12,5,1|208,257
177|12,5,1;1,8,1;11,4,1;4,2,1;5,3,1|60,100,112,267
178|5,3,1;1,7,1;1,12,1;3,7,1;3,6,1|142,169,215,164
179|3,6,1;9,12,1;12,12,1;9,1,1|266,128,138
180|9,1,1;6,12,1;1,12,1;1,1,1|77,261,179
181|1,1,1;4,12,1;12,11,1;12,12,1|83,200,256
182|12,12,1;9,1,1;9,4,1;12,4,1;12,1,1|244,91,265,92
183|12,1,1;5,12,1;1,12,1;5,1,1;11,7,1;1,4,1|143,87,90,158,206
184|1,4,1;1,1,1;12,1,1;9,4,1|198,178,184
185|9,4,1;10,12,1;10,1,1;8,8,1;8,12,1;1,1,1|170,139,216,58,78
186|1,1,1;1,12,1;2,6,1;2,11,1;6,11,1|104,152,186,162
187|6,11,1;1,11,1;12,11,1;11,12,1|254,130,158
188|11,12,1;11,1,1;4,12,1;1,9,1;2,1,1;2,2,1|103,54,224,111,143
189|2,2,1;1,2,1;2,1,1|272,281
190|2,1,1;1,1,1;3,1,1;2,2,1;6,12,1|64,266,113,147
191|6,12,1;6,1,1;1,1,1;5,5,1;1,5,1;5,9,1;2,12,1|143,148,126,75,51,77
192|2,12,1;1,11,1;1,12,1;12,5,1;8,1,1;2,9,1;8,3,1|98,283,53,55,85,98
193|8,3,1;1,12,1;12,8,1;9,12,1;12,9,1|201,101,68,295
194|12,9,1;9,12,1;12,12,1;9,1,1;5,12,1|139,96,98,191
195|5,12,1;5,1,1;1,5,1;1,1,1|55,282,114
196|1,1,1;12,1,1;6,2,1;6,6,1;7,5,1;7,4,1|152,239,54,62,183
197|7,4,1;4,1,1;1,4,1;11,1,1|296,219,165
198|11,1,1;8,12,1;12,9,1;12,12,1;5,7,1;10,12,1;9,12,1|74,166,78,87,186,77
199|9,12,1;2,1,1;1,2,1|229,271
200|1,2,1;2,1,1;1,1,1;4,12,1|275,174,197
201|4,12,1;8,1,1;3,6,1;4,6,1;2,4,1|156,154,177,124
202|2,4,1;1,4,1;1,1,1;4,12,1|149,267,186
203|4,12,1;1,8,1;3,10,1;1,10,1|241,144,102
204|1,10,1;12,10,1;12,12,1;4,11,1;1,11,1|239,53,93,138
205|8,12,1;12,8,1;1,8,1;7,7,1|262,111,263
206|7,7,1;12,12,1;12,1,1;5,12,1;1,12,1|130,115,180,252
207|1,12,1;12,8,1;12,7,1;9,10,1|238,91,275
208|9,10,1;12,10,1;3,12,1|283,237
209|3,12,1;3,1,1;10,4,1;4,4,1|72,189,216
210|4,4,1;1,11,1;1,12,1;12,12,1|159,224,216
211|12,12,1;1,12,1;4,9,1;1,2,1;1,11,1|94,154,155,272
212|1,11,1;1,12,1;12,12,1;1,9,1;3,11,1;3,8,1|84,219,52,230,100
213|3,8,1;1,8,1;1,12,1;12,8,1;12,12,1|80,132,168,247
214|12,12,1;1,1,1;7,8,1;2,3,1;2,7,1;3,6,1|212,104,136,85,138
215|3,6,1;1,8,1;1,12,1;1,1,1;5,4,1|65,97,282,182
216|5,4,1;11,12,1;11,11,1|287,297
217|11,11,1;11,12,1;12,11,1;1,8,1;5,12,1|107,235,128,145
218|5,12,1;1,8,1;12,8,1;1,5,1;8,2,1|153,216,71,142
219|8,2,1;12,6,1;10,1,1|285,290
220|10,1,1;1,1,1;1,12,1;2,6,1;2,11,1|126,242,172,111
221|2,11,1;2,12,1;1,11,1|290,220
222|1,11,1;1,12,1;8,1,1;7,8,1|212,272,181
223|7,8,1;7,12,1;12,12,1;12,1,1|209,191,231
224|12,1,1;11,2,1;10,1,1;1,6,1|52,130,290
225|1,6,1;12,2,1;1,2,1;1,5,1;7,5,1;5,3,1|138,109,171,160,102
226|5,3,1;3,1,1;1,3,1|259,238
227|1,3,1;2,4,1;5,1,1|257,192
228|5,1,1;12,12,1;11,6,1;11,2,1;3,1,1|101,129,227,156
229|3,1,1;12,6,1;7,1,1|226,293
230|7,1,1;12,1,1;1,8,1|252,299
231|1,8,1;2,7,1;2,12,1;1,12,1|110,224,248
232|1,12,1;12,12,1;5,10,1;3,12,1|163,220,179
233|3,12,1;12,12,1;8,1,1;12,1,1;12,4,1|190,289,56,163
234|1,12,1;12,5,1;8,1,1;12,1,1|151,141,267
235|12,1,1;9,12,1;5,9,1;7,11,1;4,11,1|125,128,78,238
236|4,11,1;1,7,1;1,1,1;3,3,1|286,270,74
237|3,3,1;8,1,1;8,4,1;12,8,1;12,12,1|197,109,225,65
238|12,12,1;1,9,1;12,5,1;12,1,1;12,11,1|108,260,243,88
239|12,11,1;12,10,1;10,8,1;8,10,1;7,10,1|191,79,92,299
240|1,12,1;5,1,1;1,1,1;2,2,1|245,248,105
241|2,2,1;1,3,1;12,3,1;12,1,1|236,189,82
242|12,1,1;1,5,1;12,8,1|245,195
243|12,8,1;1,12,1;1,1,1;7,7,1;2,7,1;8,1,1|154,92,60,94,225
244|8,1,1;7,1,1;5,3,1;7,5,1|182,279,229
245|7,5,1;1,11,1;2,12,1;9,1,1;3,8,1|71,128,97,271
246|3,8,1;3,12,1;1,5,1;5,1,1|202,232,55
247|5,1,1;1,5,1;8,1,1;12,1,1|180,243,153
248|12,1,1;5,12,1;9,2,1;6,2,1;10,5,1|244,118,103,225
249|10,5,1;1,12,1;9,5,1;9,1,1;6,5,1;8,3,1|50,101,260,81,142
250|8,3,1;7,4,1;7,1,1;1,1,1|159,186,291
251|1,1,1;12,5,1;1,12,1;5,2,1;5,4,1|60,119,286,132
252|5,4,1;6,5,1;1,10,1;3,1,1;5,3,1|232,179,51,124
253|5,3,1;3,1,1;12,1,1;6,2,1;5,2,1|165,189,127,51
254|5,2,1;9,12,1;11,5,1;11,9,1|154,282,187
255|11,9,1;4,1,1;1,1,1;3,3,1|144,220,212
256|3,3,1;5,1,1;1,12,1;1,11,1;3,9,1;2,9,1|81,152,97,125,113
257|2,9,1;12,9,1;6,1,1;6,2,1|150,289,90
258|6,2,1;1,2,1;1,1,1;12,4,1;9,8,1|273,50,151,179
259|9,8,1;5,12,1;5,1,1;1,5,1;4,12,1|228,74,83,183
260|4,12,1;11,1,1;12,2,1;6,1,1|177,187,234
261|6,1,1;12,1,1;11,2,1;7,12,1|215,236,97
262|7,12,1;12,12,1;11,11,1;11,6,1;7,6,1;10,9,1;8,11,1|52,69,128,161,79,143
263|8,11,1;12,4,1;9,7,1;9,12,1|209,119,283
264|9,12,1;1,4,1;4,1,1;12,1,1;12,12,1|122,95,275,76
265|12,12,1;12,1,1;1,4,1;4,1,1;4,12,1|155,162,51,170
266|4,12,1;1,8,1;3,8,1;3,7,1;1,5,1|173,205,126,152
267|1,5,1;1,1,1;4,12,1;1,9,1;1,12,1|55,200,137,121
268|1,12,1;12,5,1;5,1,1;1,1,1;4,4,1|142,94,162,155
269|4,4,1;4,12,1;1,9,1;3,9,1|162,295,121
270|3,9,1;1,7,1;3,12,1;1,12,1|127,148,169
271|1,12,1;12,1,1;1,5,1;7,5,1|106,188,278
272|7,5,1;12,12,1;8,5,1;8,1,1;11,4,1;12,3,1|91,199,124,130,149
273|12,3,1;5,12,1;5,1,1;1,5,1;1,1,1|171,98,163,243
274|1,1,1;5,12,1;1,12,1;2,11,1|205,143,299
275|2,11,1;1,11,1;2,12,1;2,10,1;1,10,1|51,258,251,94
276|1,10,1;10,12,1;12,12,1;12,1,1;3,3,1|227,82,102,287
277|3,3,1;1,3,1;8,12,1;12,12,1|292,137,151
278|12,12,1;1,12,1;1,11,1;6,6,1;2,6,1;2,9,1|196,147,106,174,54
279|2,9,1;5,12,1;9,1,1;12,1,1|236,164,173
280|12,1,1;5,12,1;1,9,1;1,12,1;4,12,1|211,144,93,183
281|4,12,1;12,11,1;5,1,1;12,10,1;11,11,1;12,12,1|201,127,89,100,105
282|12,12,1;8,1,1;12,1,1|285,246
283|12,1,1;8,12,1;7,12,1;11,8,1;5,7,1|206,292,96,73
284|5,7,1;6,1,1;6,6,1;11,1,1|148,277,260
285|11,1,1;1,8,1;10,1,1;12,3,1|265,258,117
286|12,3,1;1,10,1;8,8,1;2,7,1;2,5,1|189,105,202,128
287|2,5,1;6,1,1;12,7,1;7,12,1;1,6,1|120,96,124,257
288|1,6,1;8,1,1;4,5,1;4,1,1|144,93,277
289|4,1,1;1,5,1;1,1,1;3,1,1|268,125,265
290|3,1,1;1,1,1;4,1,1|252,261
291|4,1,1;1,5,1;1,1,1;5,5,1;5,6,1;1,10,1|100,166,71,162,137
292|1,10,1;3,1,1;3,4,1;10,12,1|152,147,204
293|10,12,1;12,12,1;9,1,1;12,4,1|217,235,198
294|12,4,1;5,12,1;1,12,1;4,9,1;1,9,1|91,256,172,79
295|1,9,1;1,12,1;12,8,1|236,285
296|12,8,1;5,2,1;7,4,1;6,4,1;6,6,1;12,12,1|93,67,52,263,199
297|12,12,1;5,1,1;1,5,1;4,5,1;11,6,1;6,6,1|162,152,151,98,122
298|6,6,1;1,6,1;1,1,1;5,5,1|178,288,130
299|5,5,1;5,6,1;10,1,1;12,3,1|103,297,243
300|12,3,1;5,1,1;12,2,1;6,2,1|278,263,82
301|6,2,1;1,7,1;1,1,1;3,3,1;3,4,1;2,4,1|89,101,179,148,168
302|2,4,1;1,5,1;12,8,1;12,12,1;9,12,1;11,10,1|143,70,146,207,113
303|11,10,1;12,9,1;12,12,1;12,8,1;12,4,1|192,153,90,261
304|12,4,1;9,1,1;1,9,1|242,210
305|1,9,1;2,1,1;2,12,1;3,11,1;8,11,1|180,206,102,178
306|8,11,1;8,12,1;8,10,1;10,12,1|182,186,232
307|10,12,1;12,10,1;1,7,1;12,3,1|275,133,138
308|12,3,1;12,1,1;9,12,1;12,12,1|236,70,108
309|12,12,1;9,1,1;5,12,1|279,229
310|5,12,1;1,12,1;12,12,1;12,1,1|171,253,160
311|12,1,1;12,12,1;9,1,1;11,3,1;11,1,1|58,215,99,278
312|11,1,1;12,1,1;5,12,1;1,1,1;8,4,1|79,102,270,248
313|8,4,1;11,1,1;7,12,1;1,6,1|202,207,128
314|1,6,1;12,6,1;7,1,1;7,5,1;8,4,1|190,151,62,148
315|8,4,1;8,1,1;4,12,1;1,9,1;1,12,1|164,255,143,80
316|1,12,1;5,1,1;1,4,1;4,1,1;1,1,1;2,2,1|81,105,78,131,264
317|2,2,1;1,2,1;1,1,1|218,254
318|1,1,1;5,12,1;9,1,1;12,4,1|244,223,136
319|12,4,1;8,1,1;12,1,1;10,3,1|252,92,216
320|10,3,1;12,3,1;7,12,1;12,7,1|159,278,196
321|12,7,1;12,12,1;1,12,1;5,1,1|184,271,65
322|5,1,1;1,5,1;12,5,1;8,1,1|122,296,275
323|8,1,1;12,1,1;1,4,1;5,1,1|200,64,291
324|5,1,1;12,12,1;5,2,1;1,6,1|138,134,266
325|1,6,1;8,12,1;3,7,1;3,12,1;7,8,1|239,129,100,213
326|7,8,1;7,12,1;1,12,1;12,1,1;8,8,1;8,6,1;9,7,1|108,84,167,135,91,62
327|9,7,1;12,7,1;6,1,1;1,6,1|99,244,156
328|1,6,1;8,1,1;12,1,1;12,12,1|91,279,204
329|12,12,1;1,1,1;5,12,1;11,6,1|227,244,193
330|11,6,1;9,1,1;12,1,1;11,7,1;6,12,1|98,102,271,205
331|6,12,1;1,5,1;5,9,1;1,9,1|194,53,277
332|1,9,1;1,12,1;1,8,1;2,9,1;9,12,1|95,156,203,148
333|9,12,1;12,12,1;1,8,1;7,1,1;5,3,1|58,223,298,80
334|5,3,1;5,1,1;1,5,1;12,8,1|247,188,214
335|12,8,1;12,12,1;1,8,1;4,12,1;1,12,1|98,177,261,117
336|1,12,1;12,5,1;2,9,1;5,6,1;2,6,1;7,11,1|173,175,98,119,122
337|7,11,1;7,12,1;12,12,1;1,5,1;1,1,1|216,113,52,295
338|1,1,1;1,2,1;3,4,1;3,5,1;12,5,1|126,161,65,84
339|12,5,1;1,12,1;1,1,1;12,12,1|248,133,206
340|12,12,1;9,1,1;12,8,1;12,11,1;6,11,1|70,112,234,77
341|6,11,1;6,12,1;12,6,1;12,12,1|77,218,131
342|12,12,1;5,6,1;1,2,1;4,9,1|228,85,189
343|4,9,1;1,6,1;3,1,1;3,5,1;4,4,1|130,91,129,268
344|4,4,1;1,1,1;1,12,1;12,8,1;2,8,1;2,3,1|138,229,55,84,109
345|2,3,1;1,2,1;7,1,1;1,1,1|108,191,157
346|1,1,1;7,2,1;7,7,1;2,2,1|171,164,239
347|2,2,1;1,1,1;12,1,1;1,12,1;8,9,1|214,151,159,90
348|8,9,1;12,5,1;12,1,1;9,12,1|210,277,95
349|9,12,1;12,5,1;10,7,1;12,7,1|243,263,130
350|12,7,1;7,12,1;1,12,1;10,7,1|237,85,288
351|10,7,1;10,12,1;12,10,1;11,10,1|201,275,56
352|11,10,1;9,12,1;8,11,1;4,11,1;4,12,1|177,201,134,143
353|4,12,1;12,12,1;11,11,1;1,11,1|207,213,109
354|1,11,1;8,12,1;12,12,1;5,1,1;1,1,1|151,133,144,113
355|1,1,1;12,12,1;7,3,1;6,2,1;1,2,1;1,12,1|53,106,256,150,100
356|1,12,1;8,1,1;2,9,1|239,269
357|2,9,1;2,12,1;12,5,1;8,1,1;6,6,1|191,156,137,203
358|6,6,1;12,6,1;12,12,1;7,7,1;2,12,1|100,227,112,111
359|2,12,1;1,11,1;7,12,1;7,11,1;2,6,1|215,165,89,118
360|2,6,1;7,1,1;12,6,1;6,12,1|272,136,80
361|6,12,1;12,6,1;7,1,1;1,1,1;1,12,1|161,118,113,246
362|1,12,1;12,1,1;9,11,1;10,12,1;9,12,1|141,131,123,139
363|9,12,1;12,12,1;5,1,1;1,5,1|278,80,249
364|1,5,1;5,1,1;1,1,1;2,2,1;2,3,1;1,2,1;1,4,1|87,162,114,132,89,95
365|1,4,1;5,1,1;1,1,1;1,3,1|182,77,241
366|1,3,1;8,12,1;12,12,1;9,9,1;9,11,1|181,153,112,106
367|9,11,1;12,8,1;1,1,1;8,12,1;2,4,1;1,4,1|117,122,140,71,242
368|1,4,1;2,4,1;2,9,1;5,12,1;5,8,1|169,52,98,231
369|5,8,1;1,4,1;6,9,1;2,9,1;2,10,1|220,86,245,91
370|2,10,1;1,10,1;1,12,1;12,12,1;5,11,1|62,215,291,74
371|5,11,1;4,12,1;1,9,1;5,12,1;3,10,1|81,218,283,109
372|3,10,1;12,8,1;1,1,1;11,8,1;12,9,1;12,12,1|85,84,171,91,153
373|12,12,1;11,12,1;9,10,1;11,10,1;11,11,1|262,73,206,129
374|11,11,1;1,11,1;1,12,1;10,10,1;8,1,1|254,79,55,186
375|8,1,1;4,12,1;7,2,1;1,2,1;3,9,1|74,296,124,81
376|3,9,1;1,7,1;7,1,1;12,3,1;8,6,1|168,276,130,108
377|8,6,1;3,1,1;3,2,1;2,1,1;1,9,1|278,72,160,93
378|1,9,1;1,1,1;12,5,1;12,1,1|261,201,227
379|12,1,1;1,1,1;12,12,1;1,8,1;7,8,1;5,10,1|61,232,125,109,159
380|5,10,1;1,10,1;8,1,1;7,1,1|249,157,279
381|7,1,1;12,3,1;12,12,1;1,9,1;6,2,1;6,11,1;11,6,1|120,96,161,77,159,69
382|11,6,1;5,12,1;1,8,1;1,12,1|99,206,240
383|1,12,1;2,11,1;12,1,1;5,4,1|221,175,266
384|5,4,1;5,1,1;1,1,1;12,4,1;12,1,1|131,215,218,56
385|12,1,1;1,8,1;1,12,1;4,9,1;4,12,1|109,214,195,120
386|4,12,1;1,5,1;1,1,1;12,8,1|272,206,166
387|12,8,1;12,12,1;11,12,1;6,7,1|160,265,198
388|6,7,1;1,12,1;12,12,1|264,274
389|12,12,1;9,1,1;1,1,1;4,4,1;4,2,1|217,292,65,81
390|4,2,1;1,5,1;1,1,1;2,2,1;2,3,1|54,110,212,116
391|2,3,1;9,12,1;12,12,1;1,9,1|147,215,236
392|1,9,1;1,12,1;12,12,1;12,1,1|247,60,235
393|12,1,1;1,12,1;7,5,1;7,1,1|244,208,84
394|7,1,1;1,1,1;12,4,1;9,1,1|223,243,116
395|9,1,1;12,1,1;12,12,1;1,12,1;4,9,1|256,137,77,224
396|12,1,1;8,12,1;5,1,1;1,1,1|167,282,88
397|1,1,1;5,12,1;9,9,1;3,9,1;5,11,1|227,67,79,264
398|5,11,1;6,11,1;6,5,1;11,5,1;11,10,1|81,288,226,74
399|11,10,1;9,12,1;6,1,1;12,1,1|229,247,191
400|12,1,1;8,12,1;11,2,1;1,9,1;1,12,1|221,81,220,95
401|1,12,1;12,1,1;5,7,1;1,11,1|113,164,287
402|1,11,1;4,1,1;6,3,1;8,1,1|256,188,105
403|8,1,1;12,5,1;12,1,1;11,2,1;10,1,1|145,292,64,55
404|10,1,1;10,2,1;12,4,1|269,233
405|12,4,1;1,8,1;5,12,1;1,9,1;1,12,1|239,92,106,101
406|1,12,1;12,9,1;9,12,1;3,6,1|146,268,172
407|3,6,1;3,1,1;1,8,1;1,12,1;12,12,1|191,165,129,148
408|12,12,1;1,12,1;5,1,1;6,1,1;6,6,1|170,104,192,125
409|6,6,1;1,11,1;1,12,1;12,8,1;12,12,1|107,214,68,172
410|12,12,1;12,1,1;9,12,1;1,12,1|259,162,59
411|1,12,1;12,8,1;1,8,1;4,11,1;1,11,1;1,9,1|179,77,224,113,57
412|1,9,1;1,1,1;2,7,1;12,4,1|100,277,121
413|12,4,1;12,1,1;1,1,1;8,2,1|104,201,229
414|8,2,1;12,6,1;12,12,1;1,5,1;5,1,1;11,7,1|106,146,62,96,134
415|11,7,1;6,12,1;1,12,1;8,9,1|154,259,277
416|8,9,1;12,5,1;5,6,1;1,6,1;6,1,1;6,4,1;3,1,1|86,108,82,224,120,70
417|3,1,1;12,3,1;12,1,1;11,1,1|157,263,255
418|11,1,1;12,1,1;1,1,1;4,8,1;2,6,1|255,87,244,51
419|2,6,1;7,1,1;12,6,1;6,12,1;1,7,1;1,1,1;3,3,1|106,77,230,108,67,66
420|3,3,1;5,1,1;5,12,1;6,11,1|271,97,269
421|6,11,1;1,6,1;1,1,1;12,5,1;7,10,1;2,5,1|174,54,112,166,98
422|2,5,1;1,4,1;1,1,1;1,5,1;4,2,1;2,2,1|115,186,132,86,70
423|2,2,1;12,12,1;3,10,1;1,10,1|208,295,79
424|1,10,1;1,12,1;12,9,1;5,12,1;7,10,1|214,72,210,116
425|7,10,1;7,12,1;1,6,1;1,1,1;8,12,1|278,81,261,77
426|8,12,1;5,1,1;12,12,1|275,280
427|12,12,1;1,8,1;12,5,1;6,5,1;6,4,1;3,1,1|153,67,210,74,132
428|3,1,1;1,3,1;6,1,1;12,1,1|253,188,115
429|12,1,1;1,12,1;12,8,1;12,12,1;11,11,1|178,177,62,258
430|11,11,1;12,12,1;1,5,1;4,12,1;4,6,1|266,278,95,57
431|4,6,1;9,1,1;12,4,1;12,1,1|179,267,194
432|12,1,1;1,1,1;9,7,1;12,10,1|56,271,203
433|12,10,1;10,1,1;6,12,1;12,12,1;10,10,1|208,80,174,190
434|10,10,1;10,12,1;12,10,1;1,10,1;1,12,1|232,138,106,55
435|1,12,1;4,1,1;1,4,1;7,10,1;5,12,1|137,214,65,207
436|5,12,1;1,12,1;1,1,1;8,12,1;12,8,1|199,159,154,169
437|12,8,1;8,12,1;7,12,1;7,7,1;1,1,1|287,58,113,79
438|1,1,1;5,12,1;9,2,1;9,1,1;12,1,1;11,2,1|76,64,103,87,247
439|11,2,1;12,1,1;1,5,1;4,1,1|150,189,163
440|12,8,1;12,12,1;1,5,1;4,8,1;4,12,1|86,130,102,247
441|4,12,1;1,12,1;5,12,1;9,12,1;9,9,1;11,7,1|150,98,72,168,57
442|11,7,1;12,7,1;6,1,1;2,12,1|224,213,198
443|2,12,1;12,5,1;12,1,1;1,1,1;6,6,1;1,11,1|143,79,94,78,249
444|1,11,1;12,11,1;11,10,1;2,1,1;9,3,1|282,70,90,211
445|9,3,1;9,1,1;12,1,1;5,12,1;1,8,1|87,126,244,145
446|1,8,1;12,1,1;5,3,1;9,7,1|134,207,259
447|9,7,1;3,1,1;1,8,1;2,7,1;1,7,1;2,6,1|70,95,146,72,217
448|2,6,1;7,1,1;1,8,1;6,1,1|228,185,115
449|6,1,1;6,12,1;12,12,1;7,7,1;12,2,1;11,1,1|60,167,224,66,153
450|11,1,1;1,8,1;5,12,1;12,1,1|209,79,188
451|12,1,1;12,12,1;1,5,1;1,1,1;5,4,1|294,116,145,135
452|5,4,1;1,8,1;8,12,1;12,8,1|280,277,102
453|12,8,1;9,12,1;12,12,1;12,9,1|153,214,285
454|12,9,1;11,1,1;1,5,1;1,1,1|151,146,163
455|1,1,1;12,12,1;1,8,1;1,12,1|130,238,183
456|1,12,1;12,1,1;2,8,1;2,12,1|157,254,281
457|2,12,1;2,1,1;12,4,1;10,6,1;10,12,1|64,223,122,165
458|10,12,1;12,10,1;7,1,1;12,1,1;12,2,1|251,151,102,193
459|12,2,1;11,1,1;12,1,1;1,12,1|254,174,234
460|1,12,1;2,12,1;7,7,1;7,11,1|109,197,213
461|7,11,1;7,12,1;12,7,1;1,11,1|210,171,268
462|1,11,1;2,12,1;12,12,1;5,1,1|251,221,197
463|5,1,1;1,5,1;12,5,1;11,6,1|204,66,272
464|11,6,1;11,12,1;12,12,1;1,12,1;4,9,1|269,108,143,167
465|4,9,1;1,12,1;12,12,1;5,10,1;5,1,1|165,74,151,235
466|5,1,1;1,8,1;5,12,1;12,9,1|190,223,199
467|12,9,1;5,12,1;7,10,1;6,10,1|198,210,224
468|6,10,1;12,10,1;10,12,1;9,11,1|278,87,74
469|9,11,1;12,11,1;1,8,1;1,12,1;6,7,1|116,158,187,62
470|6,7,1;12,1,1;5,2,1;1,2,1|192,299,140
471|1,2,1;1,3,1;3,5,1;3,6,1|225,219,172
472|3,6,1;12,4,1;9,1,1;5,5,1;10,5,1;12,3,1;10,1,1|77,119,125,114,156,58
473|10,1,1;3,12,1;9,4,1;9,5,1|116,238,288
474|9,5,1;9,1,1;12,4,1;12,1,1;10,1,1|184,69,246,151
475|10,1,1;3,12,1;1,12,1;2,11,1|97,276,263
476|2,11,1;6,1,1;12,1,1;12,12,1;5,1,1|121,179,198,188
477|5,1,1;6,2,1;1,2,1;1,1,1;4,1,1|124,175,213,75
478|4,1,1;1,4,1;1,1,1;3,1,1|281,231,69
479|3,1,1;1,3,1;3,12,1;1,12,1;1,11,1|127,286,155,85
480|1,11,1;2,12,1;9,1,1|156,283
481|9,1,1;1,1,1;4,5,1;2,5,1;3,4,1;2,3,1|66,63,73,244,145
482|2,3,1;1,11,1;1,12,1;12,8,1|258,131,99
483|12,8,1;8,12,1;1,1,1;7,7,1|272,68,288
484|7,7,1;2,12,1;1,5,1|192,260
485|1,5,1;12,12,1;5,1,1|264,194
486|5,1,1;6,2,1;7,1,1;12,1,1;6,7,1|52,217,140,102
487|6,7,1;12,1,1;8,12,1;5,1,1|102,263,261
488|5,1,1;8,12,1;4,2,1;10,8,1|130,246,179
489|10,8,1;6,12,1;1,12,1;12,1,1|188,190,278
490|12,1,1;12,12,1;1,12,1;1,1,1|148,80,276
491|1,1,1;12,1,1;1,8,1;5,12,1;1,5,1;1,7,1|129,91,168,88,152
492|1,7,1;1,12,1;8,1,1|215,267
493|8,1,1;12,4,1;12,1,1;9,1,1;3,7,1|76,84,265,246
494|3,7,1;3,1,1;12,10,1;1,6,1;1,1,1|87,277,76,179
495|1,1,1;12,8,1;5,12,1;9,9,1;6,9,1|104,216,119,50
496|6,9,1;6,12,1;1,7,1;12,3,1;5,6,1;7,4,1;6,4,1|116,80,183,70,78,65
497|6,4,1;1,4,1;9,12,1;12,12,1;8,1,1|258,65,126,234
498|8,1,1;12,1,1;12,12,1;11,5,1|204,189,199
499|11,5,1;12,4,1;12,12,1;9,1,1|240,164,270
500|9,1,1;6,12,1;12,6,1;8,2,1;4,9,1|160,262,197,71
501|4,9,1;1,12,1;5,1,1;5,12,1;4,11,1;3,12,1|185,54,188,116,98
502|3,12,1;3,1,1;4,8,1;9,3,1;8,2,1|69,148,245,235
503|8,2,1;8,1,1;8,3,1;12,7,1;12,1,1|118,85,238,92
504|12,1,1;1,4,1;1,5,1;3,7,1|297,83,262
505|3,7,1;1,7,1;1,12,1|258,228
506|1,12,1;12,5,1;9,12,1;11,10,1;11,11,1|87,103,291,217
507|11,11,1;10,10,1;5,12,1;6,11,1|121,143,227
508|6,11,1;1,9,1;4,12,1;7,8,1;12,1,1|211,68,298,50
509|12,1,1;1,5,1;1,6,1;6,6,1;12,12,1|124,62,212,229
510|12,12,1;1,8,1;8,11,1;12,7,1;12,11,1;11,10,1|60,77,170,102,230
511|11,10,1;11,1,1;10,1,1;5,6,1|217,171,272
512|5,6,1;7,1,1;1,1,1;1,12,1|284,118,195
513|1,12,1;12,8,1;12,12,1;9,12,1;11,10,1|202,122,114,114
514|11,10,1;9,1,1;8,2,1;8,1,1;4,5,1|134,256,81,203
515|4,5,1;8,1,1;12,1,1;1,12,1;3,5,1|158,178,91,149
516|3,5,1;4,5,1;4,1,1;1,1,1|218,197,186
517|1,1,1;1,12,1;12,1,1|247,238
518|12,1,1;1,1,1;8,5,1;12,9,1|283,110,211
519|12,9,1;1,2,1;1,1,1;12,5,1|216,235,240
520|12,5,1;12,1,1;1,5,1;7,6,1;7,11,1|188,135,232,92
521|7,11,1;12,11,1;11,12,1;1,9,1|270,78,285
522|1,9,1;2,1,1;1,1,1;12,8,1|232,50,280
523|12,8,1;8,12,1;12,9,1;9,12,1;12,12,1|130,245,135,79
524|12,12,1;11,12,1;11,7,1;5,1,1;1,12,1;1,1,1|160,51,157,189,97
525|1,1,1;12,5,1;1,9,1;4,12,1|185,199,156
526|4,12,1;5,11,1;1,11,1;12,4,1|285,123,145
527|12,4,1;12,1,1;1,1,1;12,8,1|118,127,237
528|12,8,1;12,12,1;1,5,1|188,274
529|1,5,1;1,1,1;12,1,1;12,12,1;8,2,1|115,182,91,286
530|8,2,1;9,1,1;9,12,1;6,1,1;8,10,1|87,141,147,102
531|8,10,1;7,9,1;12,9,1|269,295
532|12,9,1;9,12,1;12,12,1;1,5,1;5,1,1|214,60,124,138
533|5,1,1;8,12,1;12,12,1;12,9,1|115,222,289
534|12,9,1;5,12,1;1,12,1;4,8,1;5,7,1|123,141,241,185
535|5,7,1;11,1,1;12,2,1;9,12,1|145,222,106
536|9,12,1;6,1,1;12,1,1;12,12,1;8,2,1|118,155,128,200
537|8,2,1;9,1,1;9,12,1;1,12,1;1,1,1|179,54,105,249
538|1,1,1;12,1,1;9,5,1;12,12,1|184,117,253
539|12,12,1;12,1,1;11,2,1;1,9,1;1,12,1|79,155,278,181
540|1,12,1;12,5,1;12,1,1;9,4,1;11,4,1|160,122,60,169
541|11,4,1;12,5,1;9,1,1;8,7,1;9,7,1|89,252,65,264
542|9,7,1;3,1,1;1,3,1;1,12,1|285,173,212
543|1,12,1;12,12,1;12,1,1|251,296
544|12,1,1;5,12,1;1,12,1;1,1,1|202,131,224
545|1,1,1;12,1,1;5,5,1;8,2,1|143,255,86
546|8,2,1;7,1,1;1,7,1;1,1,1;6,1,1|128,191,63,256
547|6,1,1;1,6,1;1,1,1;5,1,1;3,6,1|78,102,293,104
548|3,6,1;1,6,1;7,12,1;12,7,1|157,275,135
549|12,7,1;12,1,1;1,5,1;8,2,1|123,248,157
550|8,2,1;1,1,1;7,7,1;7,1,1|78,180,246
551|7,1,1;11,12,1;12,12,1;8,8,1|128,124,283
552|8,8,1;7,7,1;1,7,1;1,2,1;5,6,1;2,6,1;3,5,1|78,128,182,104,111,88
553|3,5,1;6,1,1;12,1,1;11,9,1|144,169,154
554|11,9,1;4,12,1;11,10,1;10,11,1;10,10,1;9,11,1|142,173,71,63,128
555|9,11,1;10,12,1;1,5,1|260,215
556|1,5,1;5,1,1;1,1,1;1,4,1;3,2,1;2,2,1|106,169,212,83,124
557|2,2,1;3,1,1;1,8,1;1,12,1|223,205,192
558|1,12,1;12,1,1;9,11,1;8,11,1;9,12,1|89,172,79,213
559|9,12,1;12,2,1;12,1,1;8,4,1|233,91,244
560|8,4,1;11,1,1;1,4,1;2,12,1;12,2,1|202,163,232,53
561|12,2,1;8,12,1;12,12,1;12,10,1|140,114,227
562|12,10,1;5,1,1;1,5,1;1,1,1|150,149,250
563|1,1,1;12,1,1;1,8,1;1,2,1|226,193,193
564|1,2,1;12,9,1;12,12,1;1,12,1|298,60,215
565|1,12,1;4,1,1;1,1,1;1,11,1|115,272,52
566|1,11,1;2,12,1;12,9,1;5,1,1;6,1,1;11,6,1|127,228,130,126,73
567|11,6,1;12,7,1;7,12,1;12,12,1;1,5,1|262,176,76,184
568|1,5,1;12,1,1;5,4,1;8,4,1|246,104,224
569|8,4,1;7,5,1;7,9,1;4,12,1;3,11,1|51,170,211,211
570|3,11,1;1,11,1;4,1,1;6,3,1|204,204,238
571|6,3,1;12,9,1;2,12,1;9,10,1|116,226,207
572|9,10,1;1,9,1;1,8,1|216,283
573|1,8,1;12,5,1;9,9,1;9,3,1;4,3,1|270,126,183,53
574|4,3,1;1,3,1;3,1,1;3,2,1|107,287,184
575|3,2,1;1,4,1;11,1,1;6,3,1;8,3,1;12,7,1;5,5,1|83,90,62,53,81,256
576|5,5,1;8,1,1;5,12,1;5,6,1|190,278,127
577|5,6,1;5,12,1;1,8,1;4,8,1;7,12,1;12,12,1|165,157,106,93,58
578|12,12,1;1,9,1;11,6,1;6,6,1;1,11,1|171,164,208,53
579|1,11,1;12,11,1;5,10,1;1,6,1;6,1,1|277,84,53,247
580|6,1,1;12,1,1;1,1,1;5,12,1;5,9,1|57,150,245,66
581|5,9,1;1,9,1;8,12,1;12,12,1;9,1,1;12,5,1|55,159,111,181,151
582|12,5,1;8,1,1;8,12,1;12,12,1|113,247,144
583|12,12,1;9,1,1;2,12,1;8,6,1;3,6,1|53,216,133,250
584|3,6,1;1,6,1;7,12,1;1,5,1|71,231,258
585|1,5,1;5,1,1;12,12,1;9,9,1;9,12,1;1,11,1|146,101,106,221,72
586|1,11,1;2,12,1;2,11,1;1,10,1|185,188,290
587|1,10,1;3,1,1;1,1,1;1,2,1|199,146,211
588|1,2,1;1,1,1;12,8,1;7,8,1|238,79,139
589|7,8,1;7,12,1;1,12,1;6,10,1|138,126,158
590|6,10,1;6,12,1;1,12,1|298,210
591|1,12,1;4,1,1;1,1,1;4,4,1|188,263,159
592|4,4,1;11,1,1;9,3,1;7,1,1|290,148,224
593|7,1,1;1,1,1;12,1,1;8,12,1|124,174,285
594|8,12,1;12,12,1;1,5,1;5,1,1;1,1,1|204,93,126,245
595|1,1,1;12,4,1;12,1,1;9,5,1;7,7,1|106,169,67,148
596|7,7,1;12,12,1;6,6,1;11,1,1;12,2,1|76,253,56,53
597|12,2,1;11,1,1;12,1,1;1,12,1|162,252,186
598|1,12,1;12,12,1;6,11,1|241,286
599|6,11,1;6,12,1;12,6,1;7,1,1|208,190,62
600|7,1,1;12,8,1;8,4,1;12,4,1|262,177,172
601|12,4,1;1,8,1;12,1,1;10,3,1|282,190,214
602|10,3,1;3,1,1;12,1,1|178,283
603|12,1,1;1,8,1;11,1,1;12,2,1|153,223,250
604|12,2,1;5,12,1;1,12,1;12,9,1;6,9,1|241,106,175,172
605|6,9,1;12,3,1;5,1,1;6,2,1;12,2,1;11,1,1|149,163,61,80,198
606|11,1,1;12,2,1;8,12,1;4,1,1;1,1,1|96,234,64,61
607|1,1,1;12,1,1;8,12,1;2,4,1|265,230,85
608|2,4,1;1,3,1;3,12,1;1,7,1;5,11,1|285,175,141,52
609|5,11,1;1,7,1;7,1,1;12,6,1;12,12,1;8,1,1|182,86,292,65,54
610|8,1,1;4,12,1;1,9,1;7,3,1;7,8,1|160,155,204,113
611|7,8,1;1,8,1;4,12,1;1,9,1;6,9,1|160,274,62,142
612|6,9,1;9,12,1;9,1,1|235,189
613|9,1,1;12,4,1;2,1,1;1,1,1;12,8,1|211,78,171,131
614|12,8,1;1,5,1;1,6,1;6,11,1;12,5,1;12,7,1;8,11,1|132,172,56,138,68,130
615|8,11,1;7,12,1;1,12,1;4,1,1;1,4,1;5,1,1;2,4,1|92,83,111,126,217,62
616|2,4,1;1,5,1;12,1,1;5,7,1;7,5,1|94,76,184,218
617|7,5,1;7,1,1;1,7,1;12,7,1|224,136,134
618|12,7,1;12,1,1;8,12,1;1,1,1;4,1,1|133,151,157,187
619|4,1,1;5,2,1;6,1,1;5,1,1;12,12,1|59,94,200,257
620|12,12,1;8,1,1;8,4,1|281,219
621|8,4,1;12,4,1;1,7,1;7,1,1|270,237,158
622|7,1,1;12,1,1;5,12,1|248,276
623|5,12,1;1,1,1;1,12,1|260,280
624|1,12,1;12,5,1;8,1,1;12,1,1|224,140,91
625|12,1,1;12,12,1;11,5,1;9,7,1;9,6,1|84,129,199,268
626|9,6,1;12,3,1;1,3,1;1,12,1;2,5,1|291,111,99,167
627|2,5,1;1,6,1;1,12,1;12,12,1;9,9,1|93,144,203,207
628|9,9,1;6,12,1;1,12,1|294,200
629|1,12,1;5,1,1;1,1,1;2,2,1;3,2,1|94,185,117,133
630|3,2,1;6,12,1;1,12,1;4,1,1|262,108,120
631|4,1,1;1,1,1;12,8,1;6,7,1|270,256,135
632|6,7,1;6,1,1;12,1,1;12,12,1|239,196,248
633|12,12,1;8,1,1;12,1,1;12,4,1;10,2,1|170,183,135,164
634|10,2,1;12,4,1;5,5,1;10,10,1;6,10,1|153,198,196,87
635|6,10,1;1,10,1;3,12,1;3,11,1;9,12,1;4,12,1|204,70,99,84,239
636|4,12,1;12,11,1;12,12,1;9,1,1|229,137,142
637|9,1,1;1,2,1;12,2,1;12,12,1|106,277,178
638|12,12,1;11,11,1;11,12,1;7,9,1;1,9,1|299,113,94,69
639|1,9,1;1,12,1;12,8,1;1,5,1;1,1,1|173,162,126,77
640|1,1,1;12,4,1;2,1,1;2,7,1;8,7,1;8,5,1|65,294,93,102,73
641|8,5,1;8,1,1;12,5,1;9,5,1|235,129,101
642|9,5,1;9,1,1;12,8,1;10,1,1;10,7,1|168,208,126,103
643|10,7,1;10,1,1;1,1,1;5,12,1;8,2,1|113,268,195,119
644|8,2,1;2,1,1;12,1,1;9,12,1;12,12,1|156,76,224,67
645|12,12,1;8,1,1;7,1,1;2,6,1;8,12,1;11,9,1|70,149,80,147,121
646|11,9,1;12,1,1;9,12,1;12,9,1|214,238,191
647|12,9,1;2,12,1;1,5,1;1,1,1|156,280,243
648|1,1,1;12,12,1;5,6,1;1,6,1;1,12,1;4,12,1|176,93,75,95,66
649|4,12,1;1,9,1;9,1,1;12,4,1;6,12,1|52,194,188,230
650|6,12,1;1,7,1;1,12,1;5,12,1|235,178,88
651|5,12,1;1,12,1;1,1,1;12,1,1|220,140,247
652|12,1,1;5,12,1;6,6,1;10,2,1|109,268,214
653|10,2,1;2,1,1;1,8,1;1,12,1|223,252,91
654|1,12,1;4,1,1;12,2,1;9,5,1|274,196,172
655|9,5,1;9,1,1;12,1,1;8,12,1|298,164,191
656|8,12,1;7,11,1;7,7,1;6,8,1|158,214,223
657|6,8,1;1,8,1;7,8,1;5,6,1|217,232,214
658|5,6,1;1,2,1;2,1,1|190,269
659|2,1,1;12,5,1;1,12,1|285,263
660|1,12,1;8,1,1;7,2,1;2,4,1|282,221,165
661|2,4,1;5,1,1;1,1,1|289,180
662|1,1,1;1,12,1;12,5,1;2,12,1|219,276,136
663|2,12,1;1,11,1;1,1,1;12,5,1;12,1,1|98,61,282,174
664|12,1,1;1,5,1;4,1,1;1,4,1|68,228,222
665|1,4,1;1,1,1;12,1,1;9,12,1|172,147,207
666|9,12,1;1,5,1;5,1,1;5,11,1|74,250,213
667|5,11,1;5,12,1;1,8,1;12,1,1|276,217,81
668|12,1,1;1,8,1;7,7,1;2,7,1|186,174,252
669|2,7,1;2,12,1;1,12,1;5,1,1|152,202,210
670|5,1,1;1,5,1;1,1,1|275,279
671|1,1,1;1,12,1;12,12,1;9,9,1;12,6,1;8,2,1;9,1,1|126,107,52,63,83,129
672|9,1,1;12,1,1;9,12,1|299,281
673|9,12,1;1,11,1;12,4,1;2,11,1|74,262,254
674|2,11,1;3,12,1;1,12,1|253,271
675|1,12,1;1,1,1;2,8,1;2,12,1;12,12,1|174,124,268,113
676|12,12,1;5,1,1;11,9,1;12,10,1;12,9,1;6,3,1|266,85,53,63,138
677|6,3,1;6,1,1;12,7,1;12,1,1;10,3,1;9,3,1|81,79,132,271,98
678|9,3,1;11,12,1;12,11,1;12,12,1|162,181,165
679|12,12,1;1,8,1;1,12,1;4,12,1|158,283,160
680|4,12,1;5,12,1;5,7,1;11,1,1;12,2,1|128,54,192,293
681|12,2,1;8,12,1;12,1,1;1,5,1;1,1,1;4,1,1|56,241,73,72,183
682|4,1,1;12,2,1;11,2,1;1,9,1;4,12,1|233,104,210,82
683|4,12,1;11,1,1;12,2,1;12,12,1;11,6,1|203,99,239,117
684|11,6,1;11,12,1;12,12,1;1,9,1|149,123,140
685|1,9,1;7,8,1;1,8,1;3,6,1;4,7,1|109,156,272,90
686|4,7,1;1,7,1;1,1,1;12,1,1;9,12,1;5,9,1|99,106,105,244,145
687|5,9,1;1,9,1;12,2,1;1,2,1|292,64,277
688|1,2,1;12,2,1;11,1,1;12,1,1|81,240,282
689|12,1,1;1,1,1;1,12,1;11,9,1;2,11,1|181,136,67,119
690|2,11,1;1,3,1;3,8,1;7,12,1|234,133,152
691|7,12,1;11,1,1;8,11,1;8,6,1;12,10,1|69,195,146,138
692|12,10,1;3,12,1;10,1,1;1,1,1|272,205,217
693|1,1,1;8,12,1;12,12,1|271,269
694|12,12,1;1,12,1;2,11,1;12,8,1;12,11,1|127,83,191,77
695|5,12,1;1,5,1;4,12,1;2,10,1;2,6,1|182,294,73,75
696|2,6,1;7,1,1;12,6,1;12,12,1|263,274,66
697|12,12,1;1,12,1;4,1,1;1,5,1;3,3,1|267,166,74,164
698|3,3,1;1,10,1;1,1,1;2,2,1|288,256,135
699|2,2,1;1,10,1;1,12,1;12,12,1;10,10,1|69,192,186,175
700|10,10,1;10,12,1;12,12,1;11,11,1;12,11,1|196,138,124,189
701|12,11,1;11,11,1;11,12,1;1,12,1;4,9,1|53,111,206,226
702|4,9,1;1,9,1;4,12,1;4,10,1;9,12,1;5,12,1|214,73,108,173,126
703|5,12,1;6,12,1;1,7,1;9,7,1;9,1,1|154,141,190,69
704|9,1,1;12,4,1;12,12,1;1,12,1|52,285,252
705|1,12,1;12,12,1;9,1,1;12,1,1;5,11,1;7,9,1|77,241,234,54,74
706|7,9,1;4,12,1;1,2,1|279,202
707|1,2,1;2,1,1;1,1,1;1,12,1|261,163,250
708|1,12,1;12,12,1;9,1,1|257,231
709|9,1,1;6,12,1;12,12,1;1,8,1;1,12,1|217,66,113,164
710|1,12,1;12,5,1;12,1,1;9,4,1|157,223,209
711|9,4,1;10,12,1;12,10,1;10,10,1|181,169,246
712|10,10,1;5,1,1;6,1,1;11,6,1;5,12,1|65,245,191,157
713|5,12,1;12,1,1;11,8,1;11,11,1|147,126,222
714|11,11,1;11,12,1;1,5,1;8,10,1;7,11,1|124,180,130,118
715|7,11,1;8,12,1;8,1,1;5,12,1;7,12,1|241,67,97,281
716|7,12,1;11,1,1;8,11,1;9,12,1;9,11,1|210,174,57,63
717|9,11,1;8,12,1;8,11,1|218,237
718|8,11,1;1,1,1;12,12,1;1,12,1|272,222,73
719|1,12,1;12,1,1;5,7,1;10,12,1|209,248,145
720|10,12,1;1,12,1;2,5,1;1,4,1;1,1,1|198,173,98,150
721|1,1,1;5,12,1;2,5,1;2,8,1|210,233,214
722|2,8,1;1,7,1;7,1,1;1,1,1;3,3,1|271,86,136,178
723|3,3,1;8,12,1;2,4,1;2,1,1|223,298,80
724|2,1,1;1,2,1;1,1,1;12,8,1|291,175,233
725|12,8,1;6,1,1;8,3,1;6,5,1|179,254,217
726|6,5,1;1,10,1;3,12,1;10,1,1;12,1,1|64,142,124,141
727|12,1,1;1,1,1;12,12,1;6,5,1|271,163,216
728|6,5,1;12,6,1;12,1,1;7,6,1;12,11,1;12,12,1|125,64,77,251,167
729|12,12,1;1,5,1;4,12,1;2,10,1;4,10,1;4,6,1|75,140,150,208,124
730|4,6,1;4,12,1;7,1,1;1,7,1|155,213,284
731|1,7,1;6,12,1;12,12,1;1,1,1;12,5,1|50,103,279,116
732|12,5,1;1,12,1;7,11,1|296,131
733|7,11,1;7,12,1;12,12,1;1,1,1|245,100,193
734|1,1,1;1,12,1;2,5,1|224,249
735|2,5,1;1,12,1;4,9,1|251,189
736|4,9,1;4,1,1;5,7,1;12,12,1|270,195,118
737|12,12,1;1,12,1;5,1,1|281,205
738|5,1,1;1,5,1;12,5,1;8,1,1|121,206,208
739|8,1,1;12,1,1;11,2,1;11,7,1|268,290,128
740|11,7,1;5,1,1;9,12,1;12,12,1|273,255,132
741|12,12,1;1,12,1;5,1,1;5,2,1;2,5,1;1,4,1;1,1,1|92,65,88,138,69,244
742|1,1,1;8,12,1;12,12,1;9,8,1|294,76,133
743|9,8,1;12,5,1;12,1,1;1,12,1|71,233,268
744|1,12,1;12,12,1;8,1,1;1,7,1|293,268,116
745|1,7,1;1,12,1;12,5,1;8,1,1;2,7,1|109,257,219,106
746|2,7,1;2,12,1;1,11,1;1,12,1|220,232,150
747|1,12,1;5,1,1;1,1,1;1,4,1|137,189,236
748|1,4,1;2,12,1;12,5,1;2,9,1|269,164,232
749|2,9,1;2,12,1;1,11,1;4,1,1|290,158,241
750|4,1,1;1,5,1;3,3,1;1,3,1|146,292,130
751|1,3,1;10,12,1;12,12,1;9,1,1|296,203,163
752|9,1,1;5,12,1;1,12,1;5,1,1|228,143,276
753|5,1,1;8,12,1;8,11,1;3,11,1|99,139,165
754|3,11,1;1,6,1;1,1,1;4,8,1;4,2,1|70,124,229,269
755|4,2,1;3,1,1;1,3,1;1,1,1|248,240,208
756|1,1,1;5,12,1;12,1,1;11,7,1|73,240,142
757|11,7,1;9,12,1;12,9,1;12,12,1;10,12,1|271,132,68,199
758|10,12,1;1,10,1;2,10,1;1,9,1|185,180,272
759|1,9,1;11,12,1;12,11,1;11,11,1|52,233,185
760|11,11,1;10,12,1;1,12,1;8,6,1;12,2,1|109,215,140,50
761|12,2,1;9,12,1;12,12,1|210,235
762|12,12,1;1,8,1;4,12,1;1,9,1|251,166,66
763|1,9,1;12,5,1;8,1,1;12,1,1;12,4,1;8,8,1|82,149,151,106,56
764|8,8,1;5,12,1;9,9,1;11,7,1;11,10,1|68,95,100,287
765|11,10,1;12,11,1;6,12,1;11,7,1;11,6,1;6,1,1|190,222,87,69,104
766|6,1,1;1,1,1;1,2,1;6,7,1|162,232,223
767|6,7,1;12,1,1;9,12,1;12,12,1;9,5,1|58,144,297,195
768|9,5,1;1,6,1;7,12,1;12,12,1|86,133,268
769|12,12,1;1,12,1;4,9,1;1,6,1;6,1,1;6,5,1;12,5,1|179,76,60,129,79,91
770|12,5,1;12,1,1;11,1,1|289,200
771|11,1,1;10,1,1;8,3,1;7,2,1|134,158,120
772|7,2,1;1,8,1;1,7,1|248,234
773|1,7,1;6,12,1;1,10,1;1,8,1;1,6,1|169,232,105,128
774|1,6,1;1,12,1;12,9,1;12,12,1|278,187,117
775|12,12,1;5,1,1;1,1,1;4,5,1|223,284,191
776|4,5,1;8,1,1;12,5,1;9,1,1|212,269,214
777|9,1,1;12,4,1;12,1,1;10,1,1;11,2,1|250,123,99,140
778|11,2,1;10,1,1;1,3,1;12,3,1;1,10,1;7,4,1|139,103,127,83,198
779|7,4,1;4,1,1;1,8,1|296,286
780|1,8,1;12,12,1;9,2,1;9,1,1|284,246,74
781|9,1,1;12,1,1;9,12,1;12,8,1;12,12,1;10,10,1|199,67,90,57,58
782|10,10,1;10,12,1;6,1,1;1,6,1|93,147,250
783|1,6,1;12,10,1;12,12,1;7,7,1|143,297,256
784|7,7,1;12,2,1;11,1,1;1,11,1;2,12,1|62,119,135,251
785|2,12,1;12,8,1;9,12,1;9,6,1;12,9,1;10,9,1;10,8,1|58,81,114,203,174,63
786|10,8,1;10,12,1;12,12,1;11,11,1;12,10,1|162,86,198,151
787|12,10,1;11,10,1;11,12,1|298,229
788|11,12,1;1,2,1;12,2,1;12,1,1;1,1,1|87,65,103,203
789|1,1,1;5,12,1;1,12,1;2,11,1;1,10,1;2,10,1;12,6,1|57,83,196,58,134,77
790|12,6,1;1,2,1;12,2,1;9,5,1;9,3,1|198,272,73,80
791|9,3,1;1,9,1;2,8,1|274,259
792|2,8,1;1,8,1;12,1,1;5,12,1|244,178,179
793|5,12,1;1,8,1;2,7,1|292,262
794|2,7,1;1,6,1;1,12,1;8,1,1;3,6,1|187,115,97,191
795|3,6,1;1,6,1;7,12,1;1,12,1|231,194,237
796|1,12,1;12,1,1;5,4,1;7,2,1;10,2,1|184,185,116,152
797|10,2,1;12,4,1;6,12,1;12,6,1;12,12,1|132,114,288,160
798|12,12,1;1,8,1;11,11,1;12,11,1;5,1,1;1,1,1|117,54,109,132,149
799|1,1,1;5,12,1;5,6,1;11,12,1;12,12,1;9,8,1|153,105,143,158,103
800|9,8,1;1,1,1;12,12,1;1,12,1;6,7,1|131,59,164,109
801|6,7,1;11,12,1;12,12,1;12,1,1|229,211,231
802|12,1,1;11,2,1;11,1,1;1,1,1|246,196,225
803|1,1,1;12,5,1;1,8,1;1,2,1;7,8,1|123,243,206,92
804|7,8,1;11,12,1;12,11,1;8,1,1;12,5,1;12,10,1|152,73,83,61,264
805|12,10,1;1,10,1;3,12,1;1,12,1|167,137,268
806|1,12,1;1,1,1;12,5,1;6,11,1;1,11,1;1,6,1|69,144,190,136,88
807|1,6,1;7,12,1;1,12,1;3,10,1|222,189,239
808|3,10,1;12,5,1;12,1,1;5,7,1;10,12,1|140,69,233,197
809|10,12,1;1,10,1;1,1,1;12,1,1;2,5,1|219,154,52,79
810|2,5,1;1,6,1;1,12,1;4,1,1;2,10,1|218,115,183,126
811|2,10,1;1,10,1;3,12,1;1,5,1|251,280,132
812|1,5,1;5,1,1;1,1,1;1,4,1;3,2,1;10,12,1|160,116,50,185,125
813|10,12,1;12,10,1;12,12,1;11,12,1;1,9,1|76,244,217,57
814|1,9,1;9,1,1;12,1,1;7,3,1;2,3,1;7,5,1|173,130,169,150,73
815|7,5,1;7,1,1;1,1,1;6,3,1;2,3,1|168,177,150,153
816|2,3,1;4,1,1;12,8,1;12,7,1|201,236,237
817|12,7,1;12,1,1;1,12,1;12,8,1|143,174,183
818|12,8,1;1,12,1;12,12,1;5,1,1;11,1,1;7,5,1|95,143,170,197,73
819|7,5,1;12,10,1;12,1,1;1,5,1;8,7,1|177,182,98,99
820|8,7,1;12,3,1;1,3,1;1,12,1|209,155,237
821|1,12,1;5,1,1;6,8,1;10,12,1;12,10,1|171,55,126,149
822|12,10,1;7,1,1;12,1,1;12,9,1|169,273,234
823|12,9,1;5,1,1;8,12,1;8,6,1;11,3,1|246,168,93,85
824|11,3,1;11,1,1;12,1,1;12,12,1;11,6,1|99,90,274,121
825|11,6,1;11,1,1;1,4,1;1,12,1|259,79,298
826|1,12,1;12,9,1;8,12,1;2,12,1|265,85,235
827|2,12,1;1,12,1;4,1,1;12,1,1;12,12,1|97,297,83,158
828|12,12,1;9,1,1;12,4,1;12,1,1|241,215,68
829|12,1,1;12,12,1;11,5,1;7,1,1|209,158,87
830|7,1,1;1,7,1;1,12,1;12,12,1|240,287,124
831|12,12,1;5,1,1;11,9,1;12,9,1|188,299,135
832|12,9,1;5,12,1;1,12,1;4,8,1;4,11,1|161,236,106,98
833|4,11,1;5,12,1;5,1,1;1,5,1;4,5,1;4,10,1|94,71,58,266,92
834|4,10,1;4,12,1;12,12,1;12,11,1;7,6,1|198,203,88,170
835|7,6,1;12,1,1;6,7,1;11,7,1;5,1,1|141,188,224,117
836|5,1,1;1,8,1;5,12,1;12,1,1;6,7,1;11,7,1|151,91,143,83,200
837|11,7,1;11,12,1;12,11,1;2,1,1;5,5,1|166,102,70,206
838|5,5,1;1,12,1;4,9,1|265,256
839|4,9,1;1,12,1;12,5,1|202,286
840|12,5,1;1,8,1;12,1,1;5,11,1;2,8,1|58,140,162,140
841|2,8,1;1,7,1;1,1,1;1,12,1;12,8,1|104,219,183,177
842|12,8,1;1,4,1;2,12,1;1,12,1|248,78,225
843|1,12,1;12,5,1;5,1,1;1,1,1|68,281,193
844|1,1,1;12,5,1;1,12,1;12,12,1|257,227,101
845|12,12,1;9,1,1;6,11,1;12,11,1|192,227,164
846|12,12,1;1,5,1;5,1,1;1,1,1;2,2,1|244,193,108,60
847|2,2,1;3,1,1;1,6,1;2,5,1;1,4,1|65,231,64,162
848|1,4,1;7,11,1;7,12,1;12,12,1|130,227,251
849|12,12,1;1,8,1;8,11,1|122,294
850|8,11,1;9,12,1;12,2,1;11,1,1|288,264,112
851|11,1,1;12,2,1;12,1,1;1,8,1;5,12,1;11,4,1|133,189,76,137,135
852|11,4,1;11,1,1;1,11,1;1,12,1;12,8,1|59,128,103,271
853|12,8,1;12,7,1;7,12,1;12,12,1|216,196,193
854|12,12,1;5,1,1;6,1,1;11,6,1|281,272,60
855|11,6,1;12,5,1;9,1,1;1,2,1;7,2,1;9,4,1|227,67,61,251,58
856|9,4,1;12,4,1;12,5,1;7,10,1;11,10,1|142,211,57,230
857|11,10,1;11,12,1;4,1,1|285,168
858|4,1,1;12,2,1;12,12,1|233,249
859|12,12,1;8,1,1;12,1,1;11,2,1;12,3,1;11,3,1|191,109,78,172,58
860|11,3,1;4,1,1;5,2,1;6,1,1|267,240,80
861|6,1,1;12,7,1;5,1,1;10,6,1;12,4,1|222,112,287,59
862|12,4,1;9,1,1;5,12,1|296,196
863|5,12,1;1,1,1;1,12,1;4,12,1|168,141,295
864|4,12,1;1,12,1;1,1,1;12,1,1|229,74,192
865|12,1,1;8,12,1;7,12,1;11,8,1|174,296,177
866|11,8,1;12,7,1;5,12,1;1,8,1;1,12,1;4,12,1|158,90,82,140,147
867|4,12,1;4,1,1;1,1,1;1,12,1;3,10,1|174,126,180,203
868|3,10,1;3,12,1;12,10,1;7,1,1|234,74,239
869|7,1,1;12,1,1;1,4,1;1,1,1|141,261,83
870|1,1,1;4,12,1;1,8,1;1,2,1|105,256,216
871|1,2,1;2,1,1;1,1,1;12,1,1;9,4,1|161,83,259,105
872|9,4,1;6,1,1;1,1,1;12,12,1;2,9,1|61,140,109,169
873|2,9,1;2,12,1;12,12,1;1,1,1;12,5,1|169,235,70,214
874|12,5,1;8,1,1;5,12,1;9,1,1;12,1,1|248,87,81,186
875|12,1,1;1,8,1;1,12,1;5,9,1;9,6,1;12,3,1;12,8,1|116,139,125,150,61,99
876|12,8,1;9,12,1;1,12,1;4,9,1;1,9,1|202,78,118,121
877|1,9,1;8,1,1;5,12,1;5,6,1|139,99,276
878|5,6,1;1,2,1;1,12,1;12,1,1;2,4,1;2,10,1|59,52,193,109,110
879|2,10,1;2,12,1;12,12,1|184,298
880|12,12,1;8,1,1;5,12,1;5,9,1;8,12,1;11,9,1|128,251,105,84,72
881|11,9,1;11,12,1;10,11,1;12,6,1|90,227,204
882|12,6,1;12,1,1;8,12,1;7,11,1;7,12,1;5,10,1|195,104,70,179,117
883|5,10,1;12,1,1;12,12,1|258,261
884|12,12,1;12,1,1;1,1,1;1,12,1;2,5,1|98,123,159,258
885|2,5,1;1,5,1;1,1,1;5,12,1;2,2,1|127,139,154,137
886|2,2,1;12,6,1;12,1,1|269,299
887|12,1,1;1,5,1;1,1,1;2,2,1|226,215,253
888|2,2,1;1,2,1;12,5,1;7,10,1;8,11,1|182,118,109,241
889|8,11,1;1,12,1;12,12,1;8,1,1|165,238,277
890|8,1,1;12,1,1;8,12,1;4,9,1|233,133,288
891|4,9,1;7,12,1;12,12,1;1,9,1;1,12,1;6,12,1|186,201,84,60,132
892|6,12,1;12,12,1;1,12,1;4,5,1;4,1,1|206,51,143,222
893|4,1,1;1,4,1;12,7,1;12,1,1|90,174,252
894|12,1,1;8,12,1;12,12,1;12,9,1|110,244,203
895|12,9,1;12,12,1;9,1,1;12,1,1|167,273,214
896|12,1,1;1,12,1;5,1,1|249,227
897|5,1,1;12,12,1;1,1,1;4,1,1|249,69,189
898|4,1,1;12,2,1;1,2,1|201,285
899|1,2,1;2,1,1;12,1,1;1,8,1|236,267,193
900|1,8,1;4,12,1;2,5,1;3,12,1|179,244,231
901|3,12,1;6,1,1;1,1,1;8,12,1|291,298,51
902|8,12,1;12,8,1;1,12,1;7,12,1;7,7,1|213,105,78,214
903|7,7,1;1,1,1;1,12,1|217,283
904|1,12,1;4,1,1;1,1,1;12,12,1;4,11,1|146,218,85,66
905|4,11,1;3,12,1;12,10,1;1,10,1|140,299,119
906|1,10,1;3,1,1;10,12,1;1,12,1;2,11,1|268,137,56,121
907|2,11,1;2,12,1;12,8,1;7,8,1;7,12,1|150,78,293,72
908|7,12,1;12,12,1;8,1,1;5,12,1;6,12,1|91,92,158,238
909|6,12,1;1,7,1;1,1,1;12,12,1;12,1,1|246,78,121,135
910|12,1,1;11,2,1;7,2,1;6,3,1|91,257,166
911|6,3,1;12,3,1;7,12,1;12,7,1;11,6,1|103,145,200,189
912|11,6,1;6,1,1;12,2,1;12,1,1;10,3,1;12,5,1|64,76,68,205,258
913|12,5,1;5,1,1;8,4,1|251,269
914|8,4,1;11,1,1;12,1,1;5,12,1;1,8,1;4,8,1|160,157,76,175,59
915|4,8,1;4,12,1;12,4,1;12,1,1;5,10,1|144,139,115,194
916|5,10,1;5,12,1;1,12,1;12,12,1|279,114,199
917|12,12,1;1,1,1;5,12,1;6,5,1;2,1,1|59,247,68,167
918|2,1,1;12,4,1;1,4,1|195,283
919|1,4,1;4,1,1;12,7,1;12,1,1;9,4,1;11,4,1;10,5,1|93,110,70,185,67,96
920|10,5,1;10,6,1;12,6,1;12,12,1;11,12,1|53,74,252,278
921|11,12,1;12,12,1;1,5,1;5,1,1;5,4,1|191,77,193,123
922|12,12,1;12,1,1;5,12,1;1,12,1;4,9,1|100,68,195,279
923|4,9,1;1,6,1;1,12,1;3,10,1;12,8,1|154,117,131,196
924|12,8,1;1,8,1;8,7,1;12,3,1|273,135,197
925|12,3,1;7,1,1;11,5,1;11,1,1|243,257,126
926|11,1,1;12,2,1;12,1,1;1,4,1;10,2,1|264,105,111,159
927|10,2,1;9,1,1;2,12,1;1,11,1;1,1,1|179,223,115,51
928|1,1,1;5,12,1;12,1,1;2,1,1|207,219,237
929|2,1,1;1,1,1;12,1,1;5,5,1|272,55,161
930|5,5,1;1,1,1;12,1,1;8,12,1|75,134,206
931|8,12,1;12,12,1;11,6,1;6,6,1|148,202,190
932|6,6,1;1,6,1;1,1,1;5,5,1;5,1,1;4,2,1;4,1,1|122,74,107,204,121,52
933|4,1,1;1,4,1;5,1,1;1,8,1;4,5,1;7,5,1|138,97,253,102,79
934|7,5,1;1,11,1;1,12,1|276,252
935|1,12,1;4,1,1;1,4,1;6,4,1|88,272,205
936|6,4,1;12,4,1;2,1,1;2,12,1|293,200,107
937|2,12,1;12,12,1;1,1,1;8,4,1|292,211,86
938|8,4,1;12,4,1;4,12,1;1,12,1;1,1,1;12,1,1|134,112,141,201,66
939|12,1,1;5,12,1;1,12,1;1,1,1;2,7,1|145,108,230,196
940|2,7,1;1,6,1;1,12,1;12,5,1;8,1,1;10,6,1|69,78,253,93,186
941|10,6,1;12,4,1;12,12,1;11,12,1;6,7,1|123,164,185,196
942|6,7,1;1,7,1;6,12,1;1,12,1|251,50,279
943|1,12,1;12,1,1;8,12,1;12,12,1;12,9,1|264,85,116,162
944|12,9,1;11,1,1;1,5,1;11,8,1;6,8,1|185,64,200,118
945|6,8,1;10,12,1;1,12,1;1,11,1;6,6,1;2,6,1|58,57,86,158,254
946|2,6,1;3,12,1;1,10,1;4,10,1;1,7,1|215,247,72,122
947|1,7,1;1,1,1;12,8,1;12,12,1|257,178,119
948|12,12,1;1,9,1;4,12,1|218,290
949|4,12,1;4,1,1;1,1,1;3,3,1;3,2,1|141,93,161,69
950|3,2,1;1,2,1;12,9,1;12,12,1;10,10,1;10,12,1;7,1,1;7,7,1|143,74,78,119,66,62,114
951|7,7,1;2,12,1;1,12,1;8,1,1;6,6,1|146,256,96,90
952|6,6,1;11,1,1;12,2,1;9,12,1|255,195,81
953|9,12,1;12,12,1;1,5,1;4,12,1;2,10,1|193,102,91,196
954|2,10,1;1,11,1;1,12,1;8,1,1;4,8,1;7,5,1|76,174,62,267,50
955|7,5,1;1,11,1;9,12,1;8,5,1;4,1,1;4,7,1|67,136,183,58,207
956|4,7,1;4,1,1;1,1,1;5,12,1;8,1,1|222,105,281,53
957|8,1,1;12,5,1;11,6,1;6,1,1;7,1,1|71,133,145,145
958|7,1,1;12,1,1;1,1,1;9,7,1;10,7,1;11,6,1|52,229,83,163,92
959|11,6,1;12,7,1;12,12,1;9,1,1;1,1,1|137,75,217,207
960|1,1,1;1,12,1;12,1,1;12,2,1;10,4,1|236,50,131,237
961|10,4,1;10,1,1;7,12,1|214,262
962|7,12,1;12,7,1;12,12,1;5,1,1|284,177,138
963|5,1,1;1,12,1;4,2,1|280,155
964|4,2,1;5,3,1;9,3,1;9,1,1|239,276,67
965|9,1,1;2,12,1;1,12,1;1,1,1|187,270,225
966|1,1,1;4,12,1;1,9,1;1,12,1;6,5,1|174,92,239,93
967|6,5,1;12,11,1;1,7,1;7,7,1|62,197,252
968|7,7,1;12,2,1;2,12,1;4,5,1|246,180,133
969|4,5,1;4,1,1;1,8,1|298,221
970|1,8,1;8,2,1;12,6,1;6,12,1|144,209,227
971|6,12,1;1,12,1;12,5,1;6,11,1;7,12,1;12,12,1;12,6,1|109,138,51,107,58,197
972|12,6,1;5,12,1;10,7,1;12,7,1;12,12,1|189,162,174,69
973|12,12,1;8,1,1;8,7,1|290,257
974|8,7,1;8,1,1;12,1,1|287,158
975|12,1,1;9,12,1;1,12,1;5,1,1|274,248,156
976|5,1,1;1,4,1;8,12,1;11,9,1;4,10,1|227,163,130,109
977|4,10,1;2,12,1;12,12,1|238,243
978|12,12,1;1,8,1;4,12,1;1,12,1|167,253,195
979|1,12,1;1,1,1;4,12,1;2,5,1;2,3,1|88,134,190,123
980|2,3,1;2,1,1;6,12,1|205,247
981|6,12,1;12,6,1;12,12,1;10,10,1|203,278,126
982|10,10,1;12,8,1;1,1,1;1,12,1|266,222,81
983|1,12,1;1,1,1;4,4,1;7,1,1|255,145,276
984|7,1,1;11,12,1;12,11,1;12,12,1;8,8,1;12,1,1|106,70,122,151,163
985|12,1,1;12,2,1;11,1,1|230,256
986|11,1,1;1,8,1;5,5,1;6,5,1|257,191,162
987|6,5,1;6,1,1;12,7,1;12,12,1|271,228,80
988|12,12,1;5,1,1;1,1,1;4,5,1|129,215,212
989|4,5,1;12,4,1;6,11,1;11,6,1;6,1,1|71,198,112,228
990|6,1,1;12,1,1;9,12,1;9,9,1;12,9,1;12,12,1|214,90,86,150,116
991|12,12,1;12,11,1;7,6,1;11,6,1|147,259,146
992|11,6,1;12,5,1;8,1,1;12,8,1|219,282,58
993|12,8,1;1,5,1;12,12,1;12,9,1|253,276,170
994|12,9,1;1,9,1;1,12,1;6,10,1;5,11,1|94,86,195,269
995|5,11,1;6,12,1;12,6,1;12,1,1|164,123,180
996|12,1,1;1,1,1;12,4,1;10,2,1;3,7,1|105,119,160,266
997|3,7,1;3,1,1;12,3,1;12,1,1|130,181,204
998|12,1,1;1,1,1;7,2,1;2,2,1|161,224,290
999|2,2,1;1,3,1;12,7,1;12,1,1;10,3,1|146,146,164,140
1000|10,3,1;12,5,1;9,1,1;12,1,1;12,4,1|248,78,265,89
1001|12,4,1;12,12,1;11,5,1;7,1,1|123,185,204
1002|7,1,1;1,7,1;1,12,1;12,12,1|122,297,257
1003|12,12,1;12,11,1;10,9,1|284,187
1004|10,9,1;7,12,1;12,12,1|177,292
1005|12,12,1;1,1,1;5,12,1;12,1,1|277,100,277
1006|12,1,1;12,12,1;1,12,1;4,9,1;4,1,1|164,59,237,195
1007|4,1,1;1,4,1;1,1,1;12,1,1;9,4,1;1,11,1|61,101,176,129,202
1008|1,11,1;2,12,1;1,5,1;5,1,1|84,293,103
1009|5,1,1;1,1,1;5,12,1;12,1,1|107,99,256
1010|12,1,1;9,12,1;12,8,1;12,2,1|264,117,276
1011|12,2,1;12,3,1;6,3,1;6,8,1;10,4,1;11,4,1;11,8,1|69,275,67,80,92,113
1012|11,8,1;1,11,1;4,7,1;2,9,1;5,12,1|102,150,225,89
1013|5,12,1;1,8,1;12,12,1;9,5,1|256,121,166
1014|9,5,1;1,12,1;8,1,1;5,4,1|256,182,208
1015|5,4,1;8,1,1;12,5,1;11,6,1;9,1,1|146,172,130,159
1016|9,1,1;12,1,1;9,12,1;12,12,1;5,1,1|175,92,72,185
1017|5,1,1;1,4,1;4,4,1;1,7,1|252,124,269
1018|1,7,1;8,12,1;12,8,1;9,8,1;12,4,1|86,58,268,122
1019|12,4,1;2,1,1;1,2,1;2,2,1|188,175,263
1020|2,2,1;3,1,1;12,3,1;5,2,1;1,6,1|275,94,53,272
1021|1,6,1;7,12,1;1,12,1;3,10,1|240,75,256
1022|3,10,1;1,8,1;8,12,1;12,12,1;8,1,1|148,82,236,184
1023|8,1,1;12,1,1;9,12,1;12,8,1;10,10,1|90,238,95,81
1024|10,10,1;10,12,1;12,10,1;12,12,1;11,12,1|173,287,89,96
1025|11,12,1;4,1,1;1,1,1;3,3,1;1,3,1|132,137,231,155
1026|1,3,1;12,10,1;12,12,1;5,8,1;8,11,1|173,176,110,128
1027|1,12,1;12,1,1;2,8,1|198,288
1028|2,8,1;2,12,1;1,12,1;8,1,1|169,280,210
1029|8,1,1;1,12,1;5,1,1;7,1,1|180,155,298
1030|7,1,1;3,12,1;12,12,1;9,12,1;8,11,1|108,199,256,95
1031|8,11,1;8,12,1;12,5,1|296,267
1032|12,5,1;12,1,1;1,5,1;12,8,1|279,240,82
1033|12,8,1;12,12,1;1,9,1;1,1,1|209,122,269
1034|1,1,1;1,12,1;12,1,1;9,11,1;9,5,1|54,118,240,94
1035|9,5,1;2,1,1;9,4,1;7,2,1;5,4,1;8,4,1|190,179,102,65,146
1036|8,4,1;8,12,1;12,12,1;9,8,1;11,10,1;9,10,1|111,165,53,191,56
1037|9,10,1;9,12,1;12,12,1;1,12,1|234,210,204
1038|1,12,1;1,1,1;12,4,1;8,11,1|229,231,193
1039|8,11,1;9,12,1;12,5,1;10,10,1;10,6,1|213,110,133,213
1040|10,6,1;10,1,1;1,6,1|232,236
1041|1,6,1;1,12,1;12,9,1;12,12,1;9,1,1|91,166,223,82
1042|9,1,1;1,1,1;4,12,1;12,11,1;3,2,1|99,105,222,103
1043|3,2,1;12,11,1;12,12,1;9,5,1|131,134,261
1044|9,5,1;12,9,1;12,12,1;8,8,1;8,7,1|207,82,131,202
1045|8,7,1;1,1,1;6,6,1|224,277
1046|6,6,1;1,1,1;12,5,1;6,5,1;3,2,1|240,226,82,104
1047|3,2,1;10,12,1;9,6,1;5,3,1;7,5,1;9,5,1|83,82,253,141,73
1048|9,5,1;1,5,1;12,12,1;6,6,1|198,256,51
1049|6,6,1;6,12,1;1,7,1;7,1,1;12,1,1|113,191,197,142
1050|12,1,1;8,12,1;5,1,1;11,7,1;9,12,1|193,114,123,145
1051|9,12,1;1,12,1;12,1,1|271,219
1052|12,1,1;1,1,1;1,12,1;12,9,1;9,12,1|229,62,164,206
1053|9,12,1;12,9,1;1,6,1;1,12,1;7,6,1;10,9,1|80,233,80,165,140
1054|10,9,1;10,12,1;12,10,1;11,10,1;12,11,1;11,12,1|127,294,136,54,72
1055|11,12,1;12,12,1;8,1,1;5,12,1|214,153,265
1056|5,12,1;12,1,1;1,5,1|293,255
1057|1,5,1;12,8,1;1,4,1;4,4,1|275,156,243
1058|4,4,1;11,1,1;9,3,1;2,1,1|192,75,258
1059|2,1,1;5,12,1;1,12,1;6,7,1|167,196,162
1060|6,7,1;1,7,1;7,1,1;12,6,1|286,267,67
1061|12,6,1;12,12,1;1,5,1;1,1,1;12,5,1|256,133,118,142
1062|12,5,1;11,6,1;11,11,1;4,1,1|287,97,186
1063|4,1,1;12,1,1;1,4,1;1,1,1;12,12,1|138,152,182,225
1064|12,12,1;1,9,1;7,9,1;5,7,1|262,204,133
1065|5,7,1;6,1,1;6,6,1;11,1,1;12,1,1|70,89,279,232
1066|12,1,1;5,12,1;7,5,1;11,1,1;5,7,1|63,287,85,103
1067|5,7,1;5,12,1;12,1,1;8,12,1;6,10,1;9,7,1|93,263,77,103,138
1068|9,7,1;12,10,1;12,12,1;1,9,1;4,12,1|71,149,196,238
1069|4,12,1;1,12,1;5,1,1;8,12,1;5,12,1|253,89,57,184
1070|5,12,1;1,12,1;8,1,1;12,5,1;12,1,1;9,1,1|174,210,93,85,111
1071|9,1,1;8,1,1;3,6,1;3,2,1;6,2,1;4,4,1|64,171,114,67,136
1072|4,4,1;1,4,1;1,1,1;3,3,1|93,250,151
1073|3,3,1;1,5,1;8,6,1;12,2,1;12,12,1;9,12,1|272,62,136,64,116
1074|9,12,1;9,11,1;8,12,1;6,10,1|105,240,187
1075|6,10,1;4,12,1;1,12,1;4,1,1|124,254,251
1076|4,1,1;1,8,1;5,12,1;5,1,1;6,7,1|111,136,208,242
1077|6,7,1;1,2,1;1,1,1;12,4,1|251,183,116
1078|12,4,1;11,12,1;1,5,1;5,8,1;6,8,1|169,131,212,112
1079|6,8,1;1,8,1;1,12,1;12,8,1|249,117,293
1080|12,8,1;5,12,1;1,8,1;4,1,1|290,203,184
1081|4,1,1;1,1,1;5,12,1;5,1,1;2,4,1|109,276,195,70
1082|2,4,1;1,4,1;7,12,1;1,6,1|149,292,219
1083|1,6,1;7,12,1;12,7,1;12,12,1|145,166,291
1084|12,12,1;9,1,1;12,4,1;7,4,1;7,6,1|281,116,53,218
1085|7,6,1;12,11,1;11,4,1;12,3,1|234,205,92
1086|12,3,1;10,1,1;7,12,1;1,12,1|91,230,275
1087|1,12,1;5,1,1;11,2,1|289,181
1088|11,2,1;8,12,1;1,1,1;1,12,1;7,12,1|212,131,67,262
1089|7,12,1;1,12,1;12,1,1;8,12,1;1,1,1|141,141,89,279
1090|1,1,1;12,4,1;12,1,1|190,283
1091|12,1,1;8,12,1;12,9,1|239,257
1092|12,9,1;12,1,1;11,8,1|294,171
1093|11,8,1;4,12,1;11,9,1;5,9,1|228,100,163
1094|5,9,1;9,12,1;7,10,1;5,12,1|172,98,255
1095|5,12,1;9,1,1;4,8,1|251,236
1096|4,8,1;4,12,1;1,12,1;1,1,1|164,131,143
1097|1,1,1;5,12,1;2,2,1;2,6,1;1,7,1|276,98,199,123
1098|1,7,1;12,7,1;7,12,1;7,8,1|85,261,237
1099|7,8,1;3,12,1;1,12,1|151,261
1100|1,12,1;12,8,1;1,5,1;1,1,1;2,2,1|284,63,104,178
1101|2,2,1;1,2,1;1,1,1|267,181
1102|1,1,1;8,12,1;12,12,1;9,9,1;12,9,1|130,280,59,172
1103|12,9,1;1,5,1;8,10,1;10,12,1;12,10,1|221,110,124,81
1104|12,10,1;10,12,1;10,1,1;12,3,1|201,115,191
1105|12,3,1;12,12,1;1,5,1|293,207
1106|1,5,1;5,1,1;9,12,1;1,4,1|93,231,205
1107|1,4,1;2,12,1;12,12,1;3,5,1|231,208,104
1108|3,5,1;4,5,1;1,8,1;8,4,1|228,239,193
1109|8,4,1;5,1,1;1,1,1;8,12,1|250,179,259
1110|8,12,1;12,12,1;11,11,1;1,8,1|191,79,255
1111|1,8,1;12,4,1;5,9,1;2,12,1;2,9,1;4,9,1|85,243,68,126,133
1112|4,9,1;1,12,1;12,5,1;9,8,1|152,122,197
1113|9,8,1;9,12,1;12,9,1;10,9,1;12,7,1;12,8,1|180,53,215,118,129
1114|12,8,1;8,12,1;12,9,1;12,12,1;9,12,1|167,116,157,179
1115|9,12,1;12,12,1;9,1,1;12,1,1;1,4,1;5,4,1;5,1,1|100,209,123,76,66,96
1116|5,1,1;1,5,1;12,8,1;6,1,1;11,6,1|98,221,256,113
1117|11,6,1;12,6,1;7,1,1;3,12,1;1,12,1|173,170,149,170
1118|1,12,1;4,1,1;8,12,1;8,6,1;5,3,1;7,1,1|156,52,131,50,296
1119|7,1,1;1,1,1;1,12,1;12,12,1|246,176,188
1120|12,12,1;1,1,1;11,11,1;6,11,1;7,3,1|228,55,279,116
1121|7,3,1;9,1,1;1,1,1;4,12,1;1,2,1|254,152,109,175
1122|1,2,1;1,1,1;12,4,1;12,1,1|111,215,206
1123|12,1,1;5,12,1;12,2,1;6,8,1|240,74,233
1124|6,8,1;10,12,1;1,12,1;12,5,1;8,1,1;4,8,1|146,54,126,114,172
1125|4,8,1;1,11,1;2,12,1;12,5,1;3,12,1|268,228,53,97
1126|3,12,1;12,7,1;7,12,1;12,12,1|243,235,155
1127|12,12,1;1,12,1;8,1,1;11,4,1|272,138,127
1128|11,4,1;8,1,1;8,12,1|213,287
1129|8,12,1;12,12,1;1,1,1;5,12,1|204,211,202
1130|5,12,1;12,1,1;5,11,1;4,12,1|266,125,244
1131|4,12,1;1,2,1;1,1,1;8,4,1;6,2,1|67,176,60,246
1132|6,2,1;1,7,1;6,12,1;12,12,1|242,141,254
1133|12,12,1;12,11,1;10,9,1;10,8,1;11,7,1|98,191,113,166
1134|12,12,1;1,8,1;12,5,1;12,1,1|254,290,154
1135|12,1,1;1,1,1;1,2,1|262,176
1136|1,2,1;2,1,1;1,1,1;12,8,1;12,12,1|81,189,292,122
1137|12,12,1;9,1,1;12,4,1;7,4,1;4,1,1|166,127,141,259
1138|4,1,1;4,12,1;12,6,1;12,1,1;8,11,1|65,162,240,124
1139|8,11,1;12,11,1;1,8,1;5,12,1|201,108,243
1140|5,12,1;1,12,1;2,6,1;2,11,1|203,219,266
1141|2,11,1;1,4,1;4,7,1;1,7,1;1,5,1|171,178,116,90
1142|1,5,1;1,1,1;12,1,1;5,12,1|152,195,159
1143|5,12,1;1,12,1;12,5,1;6,11,1|101,215,253
1144|6,11,1;1,6,1;1,12,1;3,10,1|214,199,151
1145|3,10,1;1,10,1;3,12,1;6,1,1;1,1,1|82,51,295,240
1146|1,1,1;12,1,1;8,12,1;12,12,1;12,9,1|119,197,56,232
1147|1,5,1;12,9,1;9,9,1;9,7,1|164,60,288
1148|9,7,1;3,1,1;7,12,1;7,6,1|211,101,196
1149|7,6,1;2,1,1;2,12,1;1,11,1;1,12,1|238,160,117,138
1150|1,12,1;8,1,1;7,1,1;2,6,1|228,61,261
1151|2,6,1;2,12,1;12,9,1;10,4,1;7,1,1|61,284,126,56
1152|7,1,1;12,1,1;5,12,1;1,12,1;4,9,1|131,57,154,297
1153|4,9,1;1,6,1;1,12,1;12,8,1;1,5,1|75,117,170,191
1154|1,5,1;5,1,1;1,12,1;2,6,1;1,7,1|252,225,71,66
1155|1,7,1;8,12,1;4,8,1;7,8,1;3,12,1|65,276,166,115
1156|3,12,1;1,10,1;1,12,1;2,12,1|147,258,143
1157|2,12,1;1,6,1;1,1,1;12,12,1;5,6,1;10,11,1|174,203,125,53,137
1158|10,11,1;10,12,1;1,3,1;8,1,1|278,257,74
1159|8,1,1;1,12,1;5,2,1;2,2,1|172,192,195
1160|2,2,1;1,3,1;12,3,1;12,4,1|205,255,142
1161|12,4,1;12,1,1;1,8,1;5,12,1;5,9,1;8,12,1|101,78,52,284,84
1162|8,12,1;12,12,1;1,1,1;2,1,1;4,3,1;4,2,1|96,244,97,163,94
1163|4,2,1;10,1,1;12,1,1;7,3,1|186,124,222
1164|7,3,1;1,3,1;6,12,1;12,12,1|239,239,114
1165|12,12,1;12,1,1;5,4,1;11,4,1|128,248,234
1166|11,4,1;12,3,1;10,1,1;1,3,1;1,1,1|157,193,160,103
1167|1,1,1;12,1,1;6,2,1;3,12,1|129,142,274
1168|3,12,1;1,10,1;10,1,1;12,8,1|133,246,53
1169|12,8,1;1,4,1;11,7,1;7,7,1;12,12,1|86,72,240,239
1170|12,12,1;1,8,1;1,12,1;4,12,1|133,273,283
1171|4,12,1;7,1,1;12,1,1;1,12,1;3,12,1|153,128,64,258
1172|3,12,1;1,12,1;5,1,1;1,1,1;2,2,1|174,153,273,75
1173|2,2,1;1,2,1;1,1,1;4,12,1|61,256,248
1174|4,12,1;1,12,1;4,1,1;8,12,1;8,6,1;5,3,1|122,149,75,62,251
1175|5,3,1;3,1,1;1,3,1|174,280
1176|1,3,1;12,6,1;12,1,1;4,9,1|173,200,247
1177|4,9,1;3,1,1;1,1,1;3,3,1;3,2,1;1,4,1|104,187,51,104,165
1178|1,4,1;1,12,1;12,9,1;2,12,1;7,10,1|98,145,164,263
1179|7,10,1;7,12,1;12,12,1;1,1,1|222,136,258
1180|1,1,1;5,12,1;1,12,1|222,262
1181|1,12,1;12,9,1;8,12,1|271,274
1182|8,12,1;12,5,1;9,12,1;3,6,1;1,8,1|147,61,215,242
1183|1,8,1;5,12,1;8,1,1;12,1,1|187,200,132
1184|12,1,1;12,12,1;9,1,1;11,6,1;7,2,1|64,118,212,207
1185|7,2,1;12,7,1;12,12,1;10,7,1;10,6,1|252,148,131,159
1186|10,6,1;3,1,1;12,1,1;11,7,1;1,10,1;3,12,1|137,121,119,122,181
1187|3,12,1;6,1,1;1,1,1;6,8,1;12,2,1;12,1,1|131,93,190,151,61
1188|12,1,1;1,1,1;4,12,1;1,12,1;5,9,1|184,199,136,117
1189|5,9,1;1,9,1;2,1,1;12,5,1;8,1,1|63,225,175,197
1190|8,1,1;5,12,1;9,2,1;9,7,1;12,10,1;12,12,1|119,160,131,60,148
1191|12,12,1;1,8,1;4,8,1;1,11,1|294,152,228
1192|1,12,1;5,1,1;2,11,1;2,12,1;8,6,1|133,83,179,97
1193|8,6,1;8,1,1;12,1,1;9,4,1|204,272,165
1194|9,4,1;12,1,1;1,1,1;12,4,1;10,2,1;1,7,1;6,7,1;6,8,1|55,114,63,166,55,100,110
1195|6,8,1;2,12,1;1,11,1;1,12,1;3,12,1|206,69,77,271
1196|3,12,1;3,1,1;1,1,1;2,2,1;1,2,1|81,60,273,224
1197|1,2,1;2,1,1;12,4,1|247,234
1198|12,4,1;9,1,1;1,2,1;8,12,1|51,279,263
1199|8,12,1;4,1,1;1,1,1;7,7,1;7,12,1|290,83,50,242
1200|7,12,1;3,1,1;1,1,1;6,8,1|257,92,177
1201|6,8,1;2,12,1;6,1,1;1,1,1;12,12,1|192,112,133,165
1202|12,12,1;12,1,1;5,4,1;1,8,1;1,12,1|129,96,111,252
1203|1,12,1;8,1,1;12,1,1;9,4,1;9,2,1|73,181,210,175
1204|9,2,1;12,5,1;12,1,1;11,2,1|240,172,257
1205|11,2,1;5,1,1;1,1,1;12,12,1;10,3,1|102,141,174,193
1206|10,3,1;12,10,1;10,12,1;12,12,1|122,217,260
1207|12,12,1;8,1,1;1,12,1;11,9,1|255,248,164
1208|11,9,1;1,6,1;3,6,1;1,4,1|295,243,55
1209|1,4,1;12,4,1;6,5,1;1,12,1;5,9,1;2,9,1|120,162,128,95,185
1210|2,9,1;8,1,1;12,1,1;12,12,1;5,7,1;11,7,1|86,165,234,101,100
1211|11,7,1;12,8,1;1,4,1;2,12,1;12,9,1;9,6,1|111,80,256,75,88
1212|9,6,1;12,9,1;12,1,1;1,12,1|134,141,223
1213|1,12,1;12,12,1;12,1,1;1,5,1;7,5,1|58,108,185,177
1214|7,5,1;11,1,1;12,1,1;1,8,1|213,292,73
1215|1,8,1;12,5,1;2,9,1;7,9,1|173,228,209
1216|7,9,1;12,4,1;5,1,1;9,5,1;10,5,1;12,3,1|79,128,178,60,63
1217|12,3,1;7,12,1;12,12,1;6,5,1;7,4,1;12,4,1|119,122,235,133,53
1218|12,4,1;12,1,1;5,12,1|275,156
1219|5,12,1;1,12,1;12,1,1|212,268
1220|12,1,1;9,12,1;5,1,1|284,232
1221|5,1,1;1,5,1;1,1,1;4,1,1|221,286,143
1222|4,1,1;1,4,1;1,1,1;12,12,1|262,268,94
1223|12,12,1;1,1,1;8,7,1;3,2,1|139,262,124
1224|3,2,1;3,1,1;12,3,1;1,10,1|141,139,290
1225|1,10,1;10,1,1;9,9,1;12,12,1;11,5,1;11,10,1|69,164,79,127,141
1226|11,10,1;12,3,1;10,12,1;1,5,1;5,1,1|167,122,211,151
1227|5,1,1;1,1,1;4,12,1;1,9,1|253,190,144
1228|1,9,1;11,12,1;12,12,1;9,9,1;6,12,1|291,73,64,136
1229|6,12,1;12,12,1;1,8,1;4,4,1|238,217,88
1230|4,4,1;1,4,1;4,1,1;1,1,1|137,144,239
1231|1,1,1;4,12,1;5,12,1;7,10,1;8,11,1;8,10,1|111,65,89,206,213
1232|8,10,1;12,3,1;10,12,1;10,4,1;9,4,1;8,12,1;9,12,1|78,126,128,101,71,192
1233|9,12,1;1,11,1;12,11,1;11,12,1|178,226,139
1234|11,12,1;1,5,1;5,1,1;8,8,1;4,4,1;3,4,1|112,137,231,103,114
1235|3,4,1;1,4,1;4,1,1;5,2,1;12,1,1|129,152,91,94
1236|12,1,1;8,12,1;5,1,1;11,1,1|193,85,237
1237|11,1,1;1,1,1;1,12,1;8,2,1|197,151,276
1238|8,2,1;7,3,1;2,3,1;2,7,1;5,4,1|142,159,74,244
1239|5,4,1;9,1,1;12,1,1;12,3,1;11,2,1|156,172,102,223
1240|11,2,1;12,2,1;12,12,1;10,10,1;10,12,1;8,10,1|71,82,212,180,81
1241|8,10,1;12,10,1;1,10,1;1,12,1;2,11,1|247,82,148,152
1242|2,11,1;9,12,1;12,12,1;5,10,1;9,10,1|69,282,148,140
1243|9,10,1;11,12,1;8,1,1;5,8,1;5,5,1|123,104,105,200
1244|5,5,1;1,5,1;2,11,1;7,11,1;7,7,1;4,10,1|92,74,296,85,151
1245|4,10,1;4,12,1;12,12,1;9,1,1|95,232,220
1246|9,1,1;12,1,1;1,5,1|232,265
1247|1,5,1;12,8,1;12,12,1;11,11,1|184,127,196
1248|11,11,1;12,11,1;12,12,1;1,8,1|228,144,290
1249|1,8,1;1,12,1;12,5,1;12,1,1|113,230,229
1250|12,1,1;9,12,1;12,12,1;9,9,1|238,170,214
1251|9,9,1;12,9,1;12,1,1;1,1,1|87,179,175
1252|1,1,1;12,1,1;6,2,1;1,7,1|149,297,77
1253|1,7,1;7,1,1;12,6,1;6,12,1;1,12,1;1,8,1|87,58,255,176,83
1254|1,8,1;5,12,1;1,12,1;2,11,1;1,10,1|144,260,131,130
1255|1,10,1;8,12,1;7,11,1;7,12,1|258,204,233
1256|7,12,1;1,12,1;2,11,1;10,12,1|226,120,234
1257|10,12,1;12,10,1;3,12,1;1,12,1|290,158,125
1258|1,12,1;2,12,1;2,6,1;7,6,1|146,269,129
1259|7,6,1;7,1,1;12,1,1;12,12,1;1,8,1|88,221,151,229
1260|1,8,1;8,12,1;5,9,1;5,12,1|207,56,254
1261|5,12,1;8,1,1;4,12,1;1,12,1;7,5,1|135,161,105,143
1262|7,5,1;1,5,1;12,12,1;6,6,1;3,6,1|200,232,81,95
1263|3,6,1;3,1,1;1,3,1;1,1,1;2,1,1|276,142,100,159
1264|2,1,1;5,12,1;9,1,1;9,7,1;12,10,1|155,173,224,61
1265|12,10,1;1,7,1;6,12,1;1,12,1;11,8,1|121,171,114,165
1266|11,8,1;7,12,1;1,12,1;5,1,1|203,161,282
1267|5,1,1;6,7,1;11,7,1;11,3,1;9,1,1|86,190,165,233
1268|9,1,1;2,12,1;12,9,1;4,8,1;3,8,1|121,244,107,193
1269|3,8,1;12,3,1;5,12,1;1,12,1|244,208,195
1270|1,12,1;4,1,1;4,4,1|229,193
1271|4,4,1;1,7,1;12,3,1;10,1,1;10,4,1|120,233,264,79
1272|10,4,1;1,6,1;2,6,1;2,12,1|109,241,262
1273|2,12,1;1,12,1;8,1,1;2,9,1|165,228,100
1274|2,9,1;1,10,1;1,12,1;12,8,1;11,7,1;11,8,1|175,109,95,93,92
1275|11,8,1;11,12,1;1,9,1;1,8,1;4,11,1;10,11,1|52,140,58,202,161
1276|10,11,1;4,12,1;1,12,1;6,10,1;2,10,1|285,108,107,194
1277|2,10,1;1,9,1;8,12,1;12,8,1|150,215,239
1278|12,8,1;5,12,1;1,12,1|255,239
1279|1,12,1;1,1,1;4,4,1;4,12,1;12,5,1|181,155,175,139
1280|12,5,1;12,6,1;7,11,1;11,11,1|251,187,173
1281|11,11,1;10,12,1;1,10,1;1,12,1|212,106,257
1282|1,12,1;12,12,1;5,8,1;1,4,1|124,298,193
1283|1,4,1;12,7,1;12,1,1|223,265
1284|12,1,1;1,4,1;5,1,1;3,3,1|281,53,277
1285|3,3,1;12,12,1;4,11,1;4,12,1;1,12,1|86,113,236,180
1286|1,12,1;5,1,1;2,8,1;2,12,1;12,12,1;12,1,1;6,1,1|74,72,105,213,58,113
1287|6,1,1;12,7,1;1,7,1;7,1,1;12,6,1|112,122,111,146
1288|12,6,1;12,1,1;1,5,1;1,1,1;4,1,1;2,3,1|94,112,103,61,83
1289|2,3,1;2,1,1;1,1,1|296,135
1290|1,1,1;12,4,1;2,4,1|266,290
1291|2,4,1;5,1,1;1,1,1;1,12,1|282,200,167
1292|1,12,1;12,9,1;12,8,1;10,6,1|231,252,125
1293|10,6,1;10,1,1;12,3,1;11,3,1;9,12,1;9,1,1|106,123,118,146,177
1294|9,1,1;12,4,1;1,7,1|285,164
1295|1,7,1;1,1,1;12,8,1;5,4,1|206,177,299
1296|5,4,1;1,4,1;7,12,1;1,12,1|145,184,254
1297|1,12,1;2,11,1;7,11,1;7,7,1;4,10,1|68,287,71,129
1298|4,10,1;5,10,1;1,6,1;6,1,1;10,5,1;10,9,1|129,151,102,62,244
1299|10,9,1;12,7,1;12,1,1;1,5,1|124,171,174
1300|1,5,1;12,5,1;1,8,1;8,6,1|224,156,241
1301|8,6,1;12,10,1;10,1,1;1,10,1;6,12,1|173,147,288,69
1302|6,12,1;1,10,1;5,10,1;4,9,1|91,196,234
1303|4,9,1;1,12,1;12,12,1;8,1,1;12,1,1;12,4,1|108,169,71,110,110
1304|12,4,1;9,1,1;1,1,1|260,282
1305|1,1,1;12,5,1;1,8,1|278,253
1306|1,8,1;2,7,1;6,7,1;11,12,1;1,9,1|123,59,211,89
1307|1,9,1;4,12,1;12,6,1;11,6,1;6,1,1|88,235,124,108
1308|6,1,1;10,12,1;1,10,1;1,12,1;2,12,1|218,101,129,221
1309|2,12,1;1,11,1;11,1,1;12,9,1|242,128,238
1310|12,9,1;9,12,1;5,1,1|284,285
1311|5,1,1;5,12,1;1,8,1;4,8,1;1,5,1;1,1,1|158,171,75,69,200
1312|1,1,1;12,5,1;1,9,1;4,12,1;1,12,1|251,198,114,57
1313|1,12,1;12,1,1;8,12,1;2,12,1|148,287,232
1314|2,12,1;2,1,1;1,2,1;1,1,1|180,241,260
1315|1,1,1;12,1,1;5,12,1;9,5,1|263,151,267
1316|9,5,1;5,1,1;1,5,1;12,8,1;9,4,1;11,4,1|58,167,292,74,68
1317|11,4,1;1,1,1;8,3,1;4,3,1;4,2,1|80,298,210,91
1318|4,2,1;3,1,1;1,3,1;6,12,1|197,136,209
1319|6,12,1;12,12,1;1,12,1;1,1,1;12,5,1|173,292,122,99
1320|12,5,1;12,6,1;7,1,1;1,7,1;5,11,1|275,96,87,122
1321|5,11,1;6,12,1;12,12,1;1,9,1;4,12,1;4,7,1|65,81,258,52,192
1322|4,7,1;1,10,1;3,12,1|254,239
1323|3,12,1;1,7,1;1,1,1;4,12,1|155,224,162
1324|4,12,1;12,12,1;1,5,1;1,1,1;12,5,1;6,11,1|213,95,110,77,109
1325|6,11,1;6,1,1;12,1,1;12,12,1;7,7,1|108,242,61,218
1326|7,7,1;1,1,1;12,5,1;8,8,1;8,2,1|214,155,92,181
1327|1,1,1;8,12,1;5,9,1;5,12,1;7,10,1;6,9,1|262,72,130,57,98
1328|6,9,1;12,3,1;1,7,1;6,12,1|197,178,71
1329|6,12,1;12,6,1;12,1,1;1,5,1;8,2,1;11,5,1|80,197,148,148,76
1330|11,5,1;11,1,1;11,12,1;12,11,1;12,1,1|102,54,125,251
1331|12,1,1;12,12,1;5,2,1;4,1,1|125,156,265
1332|12,8,1;5,12,1;1,12,1|185,257
1333|1,12,1;2,6,1;2,12,1;7,12,1|269,164,257
1334|7,12,1;12,12,1;1,1,1;5,12,1;1,12,1|89,167,290,131
1335|1,12,1;1,1,1;12,1,1;8,12,1|224,68,267
1336|8,12,1;7,12,1;2,7,1;2,11,1|219,140,143
1337|2,11,1;1,3,1;1,1,1;12,4,1|168,169,254
1338|12,4,1;9,1,1;12,1,1;12,3,1|259,154,247
1339|12,3,1;1,6,1;1,1,1;4,12,1|162,152,296
1340|4,12,1;1,12,1;1,1,1|272,282
1341|1,1,1;8,12,1;1,9,1;3,11,1|203,194,250
1342|3,11,1;3,10,1;1,12,1;2,6,1;2,1,1|240,171,101,163
1343|2,1,1;3,1,1;8,6,1;2,12,1;3,4,1;3,3,1|56,204,125,129,140
1344|3,3,1;1,5,1;4,1,1;1,4,1;1,1,1;2,2,1|101,78,203,60,170
1345|2,2,1;2,1,1;1,2,1;1,12,1;4,8,1;7,5,1|77,109,82,100,198
1346|7,5,1;3,1,1;1,3,1;4,3,1;2,1,1|233,117,205,68
1347|2,1,1;6,12,1;12,12,1;5,1,1;12,11,1|99,109,196,280
1348|12,11,1;4,12,1;12,12,1;9,9,1;7,11,1|78,167,199,244
1349|7,11,1;6,12,1;1,12,1;1,1,1|159,106,276
1350|1,1,1;1,12,1;12,9,1;2,12,1;7,10,1|55,262,185,63
1351|7,10,1;5,1,1;1,12,1;1,1,1;4,4,1;4,1,1|53,153,74,163,213
1352|4,1,1;4,12,1;12,4,1|270,296
1353|12,4,1;1,4,1;7,12,1;1,6,1;1,12,1;3,10,1|164,133,91,164,138
1354|3,10,1;5,12,1;8,1,1;12,4,1|220,147,155
1355|12,4,1;12,1,1;12,5,1;10,7,1;6,3,1|223,56,205,180
1356|6,3,1;8,1,1;12,5,1;1,12,1;4,9,1;4,11,1|133,113,74,185,144
1357|4,11,1;4,12,1;12,12,1;1,1,1|94,237,139
1358|1,1,1;12,1,1;1,8,1;1,2,1;5,6,1;5,7,1|201,92,70,149,121
1359|5,7,1;11,1,1;12,2,1|194,280
1360|12,2,1;11,1,1;12,1,1;1,12,1;1,1,1|134,89,206,139
1361|1,1,1;12,4,1;12,12,1;9,9,1;12,6,1|159,90,80,267
1362|12,6,1;1,2,1;8,1,1|220,225
1363|8,1,1;12,5,1;12,1,1;11,2,1|259,131,184
1364|11,2,1;10,1,1;7,12,1;1,12,1|139,159,266
1365|1,12,1;8,1,1;12,5,1;12,1,1|231,198,113
1366|12,1,1;8,12,1;8,1,1;2,9,1;2,8,1;5,11,1;11,5,1|113,74,203,96,77,132
1367|11,5,1;12,5,1;10,5,1;6,1,1;1,6,1|182,62,158,202
1368|1,6,1;7,12,1;12,10,1;8,10,1|138,264,245
1369|8,10,1;10,12,1;1,10,1|257,263
1370|1,10,1;3,12,1;7,1,1;1,1,1|78,229,256
1371|1,1,1;12,4,1;12,1,1;9,1,1|291,178,168
1372|9,1,1;2,12,1;12,12,1;6,6,1;12,6,1|51,267,135,206
1373|12,6,1;12,12,1;1,12,1;1,1,1;4,4,1|239,114,124,73
1374|4,4,1;11,1,1;9,3,1;1,4,1|180,219,204
1375|1,4,1;8,12,1;7,12,1;2,7,1|98,171,256
1376|2,7,1;2,12,1;1,11,1;1,12,1|157,223,225
1377|1,12,1;12,8,1;1,5,1;1,11,1|121,267,270
1378|1,11,1;1,12,1;8,1,1;4,8,1|247,92,174
1379|4,8,1;1,11,1;8,12,1;12,12,1;1,1,1|89,131,185,176
1380|1,1,1;12,1,1;11,2,1;4,12,1;1,9,1|85,76,195,92
1381|1,9,1;9,1,1;9,2,1;12,2,1|118,211,225
1382|12,2,1;12,1,1;1,5,1;8,2,1|141,293,255
1383|8,2,1;12,2,1;5,12,1;1,8,1;5,8,1|51,56,115,270
1384|5,8,1;1,1,1;7,2,1;8,3,1;7,3,1|247,92,257,96
1385|7,3,1;1,9,1;4,12,1;7,1,1;12,1,1|73,158,86,149
1386|12,1,1;1,1,1;8,2,1;6,4,1|128,247,216
1387|6,4,1;1,4,1;8,1,1;12,1,1;5,12,1;2,9,1|248,80,243,58,56
1388|2,9,1;1,8,1;12,1,1;5,5,1|237,217,59
1389|5,5,1;1,1,1;5,12,1;1,12,1;2,11,1|110,110,270,135
1390|2,11,1;1,12,1;5,1,1;3,10,1;3,8,1|152,273,153,70
1391|3,8,1;1,10,1;1,12,1;1,1,1;12,12,1|247,117,213,118
1392|12,12,1;9,1,1;12,4,1;12,1,1;1,12,1|205,222,65,92
1393|1,12,1;4,1,1;12,2,1;12,1,1|112,131,226
1394|12,1,1;12,12,1;5,1,1;11,1,1|164,206,268
1395|12,1,1;1,5,1;12,9,1;12,12,1;9,8,1|257,156,114,119
1396|9,8,1;12,8,1;12,12,1;9,1,1;12,4,1|115,88,248,200
1397|12,4,1;11,5,1;11,9,1;8,12,1;7,11,1|58,251,292,54
1398|7,11,1;8,12,1;12,8,1;9,12,1;12,12,1;12,9,1|123,76,271,148,73
1399|12,9,1;6,1,1;6,2,1;1,7,1;1,12,1|146,253,156,129
1400|1,12,1;12,12,1;5,11,1;10,6,1;11,7,1|114,205,105,257
1401|11,7,1;11,1,1;1,5,1;6,5,1;2,1,1;1,2,1;2,2,1|55,225,101,121,65,80
1402|2,2,1;3,1,1;12,1,1;5,12,1;12,9,1|123,156,255,147
1403|12,9,1;12,12,1;9,1,1;12,4,1;12,1,1|68,217,152,127
1404|12,1,1;1,12,1;12,8,1;12,12,1|251,82,252
1405|12,12,1;1,12,1;12,5,1;12,1,1;9,4,1|62,252,101,277
1406|9,4,1;9,1,1;12,4,1;12,1,1|149,274,251
1407|12,1,1;5,12,1;11,4,1;12,4,1|175,221,268
1408|12,4,1;6,12,1;6,11,1;7,12,1|254,175,109
1409|7,12,1;1,6,1;1,1,1;12,1,1;12,2,1|55,54,265,253
1410|12,2,1;5,12,1;1,8,1;8,5,1;12,1,1|58,120,283,227
1411|12,1,1;1,1,1;4,12,1;1,9,1;6,9,1;9,12,1|135,78,127,109,241
1412|9,12,1;9,11,1;12,8,1|173,282
1413|12,8,1;1,8,1;4,4,1;2,4,1;4,6,1|62,251,149,148
1414|4,6,1;4,12,1;1,5,1;5,1,1;9,5,1|261,64,77,113
1415|9,5,1;1,12,1;1,1,1;12,5,1;10,5,1|288,219,75,104
1416|10,5,1;1,5,1;12,12,1;6,6,1|239,90,299
1417|6,6,1;12,6,1;12,12,1;10,7,1|117,269,199
1418|10,7,1;9,1,1;7,6,1;12,6,1|145,197,244
1419|12,6,1;12,12,1;5,1,1;1,1,1;4,11,1;2,2,1|216,109,119,84,89
1420|2,2,1;9,1,1;1,2,1;1,1,1|261,163,260
1421|1,1,1;12,5,1;2,2,1;2,6,1;4,8,1|182,279,102,72
1422|4,8,1;8,12,1;12,5,1;12,1,1;1,1,1;7,7,1|214,140,54,172,87
1423|7,7,1;2,12,1;1,11,1;2,11,1;9,1,1;12,4,1|65,200,165,117,84
1424|12,4,1;12,5,1;10,7,1;8,5,1|293,107,207
1425|8,5,1;8,6,1;12,6,1;12,1,1;2,4,1|64,89,258,285
1426|2,4,1;1,3,1;3,1,1;4,1,1|173,190,258
1427|4,1,1;1,1,1;5,12,1;1,12,1|251,241,150
1428|1,12,1;12,8,1;5,11,1;7,9,1;8,10,1|221,95,133,155
1429|8,10,1;8,9,1;5,12,1;5,8,1|129,249,261
1430|5,8,1;1,4,1;1,12,1;4,9,1|86,269,229
1431|4,9,1;11,12,1;10,6,1;10,11,1|210,256,152
1432|10,11,1;7,1,1;1,7,1;6,12,1|156,297,77
1433|6,12,1;1,7,1;7,1,1;12,6,1|233,291,168
1434|12,6,1;1,2,1;2,1,1;2,2,1;3,1,1|93,114,239,200
1435|3,1,1;3,2,1;5,4,1;7,2,1|110,235,229
1436|7,2,1;1,8,1;12,4,1;9,1,1;4,3,1|284,162,175,52
1437|4,3,1;12,10,1;10,12,1;10,10,1;12,8,1|51,175,170,292
1438|12,8,1;1,1,1;9,7,1;10,7,1;10,12,1|200,245,73,90
1439|10,12,1;7,1,1;1,1,1;2,9,1;1,10,1|68,195,175,229
1440|1,10,1;6,12,1;1,12,1;2,11,1|222,140,259
1441|2,11,1;1,12,1;3,10,1|283,279
1442|3,10,1;5,12,1;1,12,1;2,11,1;1,11,1|110,227,238,124
1443|1,11,1;8,1,1;6,3,1;4,1,1;4,3,1|214,247,157,81
1444|4,3,1;12,3,1;12,12,1;1,8,1|240,85,229
1445|1,8,1;1,7,1;6,12,1;5,5,1;3,7,1|227,215,88,56
1446|3,7,1;1,7,1;7,1,1;12,1,1|122,202,254
1447|12,1,1;1,1,1;12,12,1;5,9,1;2,12,1|70,142,272,120
1448|2,12,1;12,12,1;8,1,1;4,11,1;10,5,1|149,275,118,155
1449|10,5,1;12,5,1;12,1,1;1,8,1;2,7,1|249,282,88,59
1450|2,7,1;2,12,1;12,9,1;12,12,1;5,11,1;3,9,1|150,204,142,57,129
1451|3,9,1;12,2,1;9,12,1;11,5,1;10,4,1|67,120,262,196
1452|12,1,1;9,12,1;1,11,1;7,11,1;1,5,1|164,294,135,105
1453|1,5,1;1,1,1;1,12,1;4,9,1|295,231,57
1454|4,9,1;12,3,1;1,10,1;3,12,1|182,164,255
1455|3,12,1;10,1,1;1,6,1;1,1,1|147,234,93
1456|1,1,1;1,12,1;4,2,1;4,4,1|262,102,288
1457|4,4,1;4,1,1;4,5,1;1,5,1;3,7,1|175,77,133,161
1458|3,7,1;1,5,1;1,1,1;4,12,1|298,165,231
1459|4,12,1;1,12,1;12,5,1;12,1,1|224,272,137
1460|12,1,1;5,12,1;1,12,1;4,9,1;1,6,1;1,1,1|91,100,69,167,262
1461|1,1,1;1,12,1;2,5,1;2,1,1;6,4,1|226,259,145,57
1462|6,4,1;12,4,1;9,1,1;12,1,1|237,120,214
1463|12,1,1;1,12,1;1,1,1;12,4,1;10,4,1;10,5,1|50,178,126,69,221
1464|10,5,1;12,7,1;12,12,1;1,12,1;8,1,1|186,62,244,123
1465|8,1,1;12,12,1;1,12,1|299,204
1466|1,12,1;12,12,1;1,1,1;12,1,1;6,2,1|288,109,129,79
1467|6,2,1;12,8,1;8,12,1;12,9,1;9,12,1|165,59,97,197
1468|9,12,1;12,9,1;1,5,1;10,10,1|283,56,199
1469|10,10,1;12,8,1;1,5,1|259,184
1470|1,5,1;12,12,1;12,1,1;1,1,1;1,4,1|81,185,102,268
1471|1,4,1;12,4,1;1,7,1;1,5,1|293,152,96
1472|1,5,1;5,1,1;1,8,1;7,2,1;5,2,1|80,190,206,191
1473|5,2,1;1,2,1;2,3,1;2,8,1;6,8,1|77,218,169,132
1474|6,8,1;12,2,1;12,12,1;8,5,1|293,117,269
1475|8,5,1;12,5,1;1,12,1;7,6,1;1,6,1|129,192,273,64
1476|1,6,1;7,12,1;1,5,1|238,210
1477|1,5,1;1,1,1;4,12,1;1,9,1;1,6,1|85,234,197,50
1478|1,6,1;2,12,1;5,1,1;1,1,1;1,5,1;12,1,1|152,169,69,88,216
1479|12,1,1;1,12,1;5,1,1;1,1,1|133,221,217
1480|1,1,1;1,2,1;6,7,1;6,2,1;7,2,1|202,143,102,232
1481|7,2,1;7,1,1;1,7,1;6,12,1;1,12,1|108,150,245,105
1482|1,12,1;12,5,1;4,11,1;9,6,1|119,103,260
1483|9,6,1;4,1,1;1,1,1|150,280
1484|1,1,1;12,5,1;9,1,1;12,1,1;12,4,1;10,2,1|53,72,191,186,93
1485|10,2,1;4,1,1;1,1,1;12,12,1|112,218,235
1486|12,12,1;1,9,1;1,12,1;11,12,1|168,58,230
1487|11,12,1;1,5,1;5,1,1;8,11,1|173,92,222
1488|8,11,1;12,11,1;8,1,1;12,1,1|65,177,272
1489|12,1,1;5,12,1;1,8,1;1,12,1;2,11,1|108,113,245,128
1490|2,11,1;2,1,1;1,1,1;12,1,1;7,10,1;1,10,1;1,12,1|131,97,76,81,112,104
1491|1,12,1;12,12,1;6,11,1;12,4,1|141,163,228
1492|12,4,1;9,1,1;6,12,1;1,12,1|212,225,258
1493|1,12,1;8,1,1;12,5,1|295,218
1494|12,5,1;12,6,1;10,8,1;10,6,1|274,140,58
1495|10,6,1;12,4,1;12,1,1;9,5,1|252,245,168
1496|9,5,1;12,5,1;12,1,1;12,12,1|238,258,133
1497|12,12,1;1,1,1;2,1,1;4,3,1|89,201,248
1498|4,3,1;1,3,1;3,1,1;3,2,1;2,1,1|110,285,52,85
1499|2,1,1;1,1,1;5,12,1|238,247
1500|5,12,1;12,1,1;9,4,1;9,1,1|121,185,236
1501|9,1,1;12,8,1;10,6,1;12,4,1;12,7,1|118,130,66,288
1502|12,7,1;12,12,1;1,8,1;11,11,1|273,185,188
1503|11,11,1;1,8,1;1,12,1;12,12,1;8,1,1;12,1,1|92,123,94,141,176
1504|12,1,1;11,1,1;6,6,1;6,2,1;7,3,1|162,279,104,123
1505|7,3,1;5,12,1;1,12,1|264,213
1506|1,12,1;12,9,1;12,12,1;5,6,1;2,6,1|256,127,74,215
1507|2,6,1;2,12,1;12,8,1;10,10,1;10,12,1;12,10,1|71,229,65,69,116
1508|12,10,1;10,12,1;1,10,1;1,12,1;2,12,1|144,183,130,98
1509|2,12,1;12,8,1;1,1,1;1,12,1|273,125,208
1510|1,12,1;2,12,1;2,7,1;6,11,1;12,5,1;8,1,1|190,160,50,77,148
1511|8,1,1;12,8,1;9,4,1;11,4,1|158,120,249
1512|11,4,1;7,1,1;12,1,1;8,12,1|288,122,275
1513|8,12,1;5,1,1;1,1,1;1,4,1;3,2,1|192,146,217,94
1514|3,2,1;1,2,1;9,1,1;12,1,1;8,4,1|206,283,67,139
1515|8,4,1;8,5,1;6,7,1|294,278
1516|6,7,1;1,12,1;1,1,1;12,4,1;5,12,1|244,59,86,297
1517|5,12,1;8,1,1;1,12,1;4,12,1|150,198,265
1518|4,12,1;4,11,1;5,12,1;8,1,1;5,4,1;10,4,1|171,213,91,65,77
1519|10,4,1;12,6,1;12,1,1;1,1,1|190,235,138
1520|1,1,1;12,12,1;1,12,1;7,5,1;4,2,1|79,146,65,122
1521|4,2,1;4,12,1;6,10,1|286,264
1522|6,10,1;1,3,1;3,1,1;1,1,1;1,2,1|149,172,92,245
1523|1,2,1;2,1,1;1,1,1;4,12,1;1,5,1|207,134,141,102
1524|1,5,1;5,1,1;1,12,1;12,8,1;6,8,1;12,2,1;12,7,1|59,117,125,98,72,113
1525|12,7,1;6,1,1;1,1,1;1,12,1;2,5,1|79,197,178,157
1526|2,5,1;6,1,1;12,2,1;7,2,1|285,85,205
1527|7,2,1;8,1,1;12,8,1;12,12,1;8,9,1|242,73,112,156
1528|8,9,1;1,12,1;3,10,1;5,12,1|184,198,116
1529|5,12,1;8,1,1;12,4,1;12,1,1;11,2,1;10,2,1;5,7,1|157,129,105,84,53,90
1530|5,7,1;6,1,1;12,1,1;12,6,1;8,2,1;1,12,1|172,86,92,169,164
1531|1,12,1;2,12,1;1,11,1|288,200
1532|1,11,1;2,12,1;1,4,1;1,10,1;3,10,1|92,276,113,143
1533|3,10,1;12,5,1;12,1,1;8,12,1;8,6,1;9,6,1|185,106,75,118,162
1534|1,1,1;12,1,1;1,12,1;1,2,1;10,2,1|151,156,87,72
1535|10,2,1;9,1,1;1,1,1;5,12,1|284,208,108
1536|5,12,1;1,12,1;6,12,1;2,8,1;3,8,1;3,6,1|74,164,242,51,93
1537|3,6,1;3,1,1;1,1,1;2,2,1|64,249,139
1538|2,2,1;3,1,1;12,8,1;8,12,1;4,1,1|68,285,149,137
1539|4,1,1;12,1,1;5,2,1;10,7,1;11,7,1;11,2,1;9,4,1|93,137,109,79,158,66
1540|9,4,1;9,1,1;12,4,1;10,4,1;10,3,1|140,178,275,81
1541|10,3,1;12,1,1;8,12,1;12,12,1|242,53,267
1542|12,12,1;5,1,1;8,4,1;12,4,1;12,1,1|86,164,55,204
1543|12,1,1;12,2,1;7,2,1;11,6,1|213,269,144
1544|11,6,1;6,1,1;12,1,1;10,3,1;12,3,1|156,174,90,186
1545|12,3,1;10,1,1;6,12,1;1,7,1;1,1,1;7,7,1;7,5,1|93,127,106,121,70,155
1546|7,5,1;12,12,1;8,9,1;9,1,1;9,7,1;11,9,1|93,180,66,229,105
1547|11,9,1;11,12,1;12,12,1|181,236
1548|12,12,1;1,9,1;9,1,1;12,4,1|240,120,135
1549|12,4,1;9,1,1;12,1,1;12,3,1;5,12,1|132,86,285,55
1550|5,12,1;1,9,1;4,12,1;4,7,1|170,236,160
1551|4,7,1;4,1,1;12,2,1;12,1,1|285,71,220
1552|12,1,1;11,2,1;11,6,1;5,12,1|252,223,86
1553|5,12,1;1,5,1;4,9,1;4,12,1;2,10,1|262,89,129,131
1554|2,10,1;2,12,1;12,8,1;7,8,1;3,12,1;12,12,1|210,135,145,63,131
1555|12,12,1;1,8,1;1,12,1;4,12,1;1,2,1;10,4,1;4,4,1|115,276,65,76,96,55
1556|4,4,1;1,7,1;12,3,1;3,1,1;1,1,1|96,234,160,65
1557|1,1,1;12,4,1;12,12,1;9,9,1;11,9,1|200,64,110,229
1558|11,9,1;12,9,1;9,12,1;12,12,1;1,1,1;8,7,1|140,59,228,68,138
1559|8,7,1;2,1,1;12,4,1;7,4,1|244,156,286
1560|7,4,1;10,1,1;6,12,1;1,12,1;6,10,1|299,72,160,102
1561|6,10,1;8,12,1;7,12,1;5,10,1|274,258,163
1562|5,10,1;5,12,1;12,1,1;1,5,1|259,77,233
1563|1,5,1;5,1,1;12,12,1;1,9,1|250,179,227
1564|1,9,1;1,12,1;12,1,1;5,7,1;7,5,1|291,105,149,83
1565|7,5,1;12,10,1;12,12,1;1,1,1;12,1,1|111,198,177,158
1566|12,1,1;8,12,1;8,9,1;11,12,1|276,139,155
1567|11,12,1;10,11,1;5,11,1;5,5,1|243,273,152
1568|5,5,1;1,9,1;8,12,1;6,10,1|299,207,139
1569|6,10,1;12,4,1;11,12,1;12,12,1;9,9,1;9,8,1|184,135,72,174,51
1570|9,8,1;12,1,1;8,12,1;7,12,1;7,7,1|124,146,112,266
1571|7,7,1;12,12,1;8,1,1;6,6,1;6,12,1|66,143,289,189
1572|6,12,1;1,12,1;5,1,1;2,11,1;11,9,1|134,115,78,275
1573|11,9,1;12,9,1;1,5,1;5,1,1|144,187,219
1574|2,6,1;1,5,1;1,1,1;12,5,1;1,8,1|280,54,93,118
1575|1,8,1;12,8,1;1,5,1;1,1,1;4,1,1|258,73,109,253
1576|4,1,1;4,12,1;1,9,1;1,12,1|86,268,181
1577|1,12,1;12,12,1;8,1,1;2,7,1;7,12,1|110,227,68,199
1578|7,12,1;1,6,1;1,12,1;3,10,1;3,12,1;6,12,1|64,56,212,172,168
1579|6,12,1;12,6,1;12,1,1|268,271
1580|12,1,1;9,12,1;5,9,1;7,11,1|244,67,206
1581|7,11,1;7,12,1;12,7,1;6,1,1|170,80,246
1582|6,1,1;12,7,1;12,12,1;10,7,1|208,53,249
1583|10,7,1;4,1,1;1,8,1;3,1,1|279,96,257
1584|3,1,1;3,12,1;4,11,1;9,11,1;4,6,1;4,1,1|81,223,59,116,104
1585|4,1,1;12,9,1;9,12,1;9,7,1|280,190,215
1586|9,7,1;7,12,1;1,12,1;3,10,1|214,280,83
1587|3,10,1;1,12,1;12,5,1|278,216
1588|12,5,1;12,1,1;5,12,1;11,6,1;7,2,1|88,163,241,91
1589|7,2,1;6,1,1;1,6,1;1,12,1;6,3,1;6,6,1|108,55,98,201,87
1590|6,6,1;1,6,1;1,1,1;5,5,1;2,5,1|172,198,83,96
1591|2,5,1;1,4,1;4,1,1;12,1,1|276,249,173
1592|12,1,1;12,12,1;5,9,1;7,11,1|288,86,209
1593|7,11,1;1,11,1;1,1,1;12,1,1|239,193,76
1594|12,1,1;12,12,1;5,1,1;1,1,1|164,173,268
1595|1,1,1;12,5,1;11,6,1;12,7,1|90,188,188
1596|12,7,1;12,1,1;9,12,1;5,1,1;11,1,1;9,3,1|152,66,126,184,138
1597|9,3,1;9,12,1;12,9,1;12,8,1;10,10,1|147,72,193,259
1598|10,10,1;10,12,1;12,10,1;12,12,1|103,260,295
1599|12,12,1;9,1,1;1,1,1|278,223
1600|1,1,1;12,12,1;1,8,1;1,12,1|183,186,209
1601|1,12,1;8,1,1;12,5,1;12,1,1;9,1,1;11,3,1;6,12,1|99,90,81,165,132,81
1602|6,12,1;1,12,1;8,1,1;12,1,1;12,12,1;7,12,1|55,159,74,278,86
1603|7,12,1;1,6,1;6,1,1;12,7,1;11,1,1|237,162,172,105
1604|11,1,1;12,2,1;1,2,1;4,5,1|185,160,270
1605|4,5,1;1,5,1;12,12,1;5,8,1;1,12,1|198,193,66,132
1606|1,12,1;8,1,1;12,5,1;9,12,1|129,193,117
1607|9,12,1;12,12,1;1,1,1;1,12,1;4,1,1|113,113,227,51
1608|4,1,1;1,4,1;5,1,1;5,3,1|272,51,291
1609|5,3,1;7,1,1;12,1,1;5,4,1|180,215,208
1610|5,4,1;1,8,1;12,5,1;1,9,1|253,147,145
1611|1,9,1;12,5,1;8,1,1;12,1,1|286,149,183
1612|12,1,1;5,12,1;9,2,1;6,2,1|116,271,187
1613|6,2,1;6,12,1;12,12,1|277,280
1614|12,12,1;11,12,1;9,10,1;8,11,1|126,168,298
1615|8,11,1;12,7,1;6,1,1;1,1,1;6,3,1;5,2,1|169,62,65,158,196
1616|5,2,1;1,6,1;12,10,1;12,12,1;7,7,1;7,12,1|212,50,52,128,79
1617|7,12,1;11,1,1;6,6,1;5,6,1;6,7,1|238,105,59,221
1618|6,7,1;6,12,1;12,12,1;1,1,1|283,130,249
1619|1,1,1;8,12,1;12,12,1;9,9,1|187,273,122
1620|9,9,1;9,1,1;1,1,1;1,12,1|183,169,177
1621|1,12,1;12,1,1;6,8,1;11,3,1;11,7,1;10,6,1|163,281,95,58,66
1622|10,6,1;12,6,1;12,1,1;1,8,1;8,4,1|52,207,226,94
1623|8,4,1;5,1,1;1,5,1;12,8,1;12,12,1;9,12,1;6,1,1|70,69,101,228,70,122
1624|6,1,1;2,12,1;12,9,1;7,2,1|287,209,59
1625|7,2,1;12,2,1;12,12,1;7,3,1;11,7,1|115,278,197,108
1626|11,7,1;4,12,1;1,9,1;1,12,1|120,259,273
1627|1,12,1;12,9,1;1,5,1;1,11,1|272,70,297
1628|1,12,1;12,8,1;12,12,1;9,12,1;2,1,1;8,9,1|52,133,77,117,191
1629|8,9,1;8,12,1;12,12,1;1,1,1|129,290,151
1630|1,1,1;5,12,1;9,9,1|282,248
1631|9,9,1;5,12,1;5,10,1;4,10,1;2,12,1|244,160,123,94
1632|2,12,1;9,1,1;1,1,1|260,253
1633|1,1,1;1,12,1;12,8,1;2,4,1|110,249,205
1634|2,4,1;2,1,1;3,1,1|168,288
1635|3,1,1;1,3,1;10,12,1;12,10,1;10,1,1|286,79,143,165
1636|10,1,1;1,3,1;6,12,1;12,12,1|259,52,239
1637|1,8,1;12,1,1;9,12,1;12,9,1|299,233,106
1638|12,9,1;8,12,1;12,12,1;10,10,1;7,10,1|54,71,288,128
1639|7,10,1;5,12,1;1,12,1;1,1,1;2,8,1|201,131,171,120
1640|2,8,1;1,9,1;4,12,1;11,1,1|225,279,78
1641|11,1,1;12,8,1;8,12,1;10,7,1|252,94,249
1642|10,7,1;12,9,1;12,12,1;12,1,1;1,1,1;5,12,1|204,80,51,196,59
1643|5,12,1;1,12,1;12,1,1;11,1,1;9,3,1|186,112,190,118
1644|9,3,1;11,1,1;11,12,1;1,12,1|269,282,125
1645|1,12,1;12,12,1;1,5,1;5,1,1|221,173,282
1646|5,1,1;1,4,1;4,8,1;4,12,1|186,261,146
1647|4,12,1;12,6,1;12,1,1;9,5,1;9,2,1|196,113,62,92
1648|9,2,1;8,1,1;5,12,1;5,9,1|290,61,195
1649|5,9,1;8,12,1;12,8,1;1,12,1|145,105,294
1650|1,12,1;12,8,1;12,7,1;8,11,1|186,227,172
1651|8,11,1;7,12,1;12,12,1;1,1,1;5,12,1;6,12,1|217,54,159,162,87
1652|6,12,1;1,12,1;12,1,1;5,7,1;1,3,1|101,83,284,60
1653|1,3,1;1,1,1;12,1,1;11,2,1|283,223,61
1654|11,2,1;12,1,1;1,5,1;12,8,1;10,3,1|118,189,113,117
1655|10,3,1;5,1,1;11,2,1;5,2,1;1,6,1;5,6,1|122,162,126,186,101
1656|5,6,1;7,1,1;1,7,1;1,1,1;6,1,1|166,145,234,136
1657|6,1,1;1,6,1;1,12,1;3,5,1;2,6,1|189,73,73,218
1658|2,6,1;9,12,1;12,12,1;9,1,1|234,95,201
1659|9,1,1;12,11,1;12,12,1;1,9,1;4,12,1|230,72,93,120
1660|4,12,1;1,12,1;4,1,1;1,5,1|195,234,176
1661|1,5,1;1,6,1;6,1,1;12,1,1;2,11,1;6,11,1|107,223,96,115,88
1662|6,11,1;1,11,1;2,12,1;1,4,1;1,10,1|110,295,122,62
1663|1,10,1;10,1,1;12,3,1;10,12,1;12,12,1;12,11,1;9,8,1|162,51,57,236,80,65
1664|9,8,1;5,12,1;1,12,1;12,1,1|105,208,232
1665|12,1,1;1,12,1;4,1,1;4,4,1;1,1,1|160,231,75,230
1666|1,1,1;8,12,1;12,9,1;9,12,1|232,106,243
1667|9,12,1;9,1,1;1,1,1;6,6,1|202,189,163
1668|6,6,1;6,12,1;1,12,1;5,8,1|183,77,212
1669|5,8,1;1,8,1;12,1,1|217,279
1670|12,1,1;1,5,1;7,12,1;5,10,1;7,8,1|115,112,106,106
1671|7,8,1;7,12,1;12,7,1;12,1,1;5,12,1|289,129,110,58
1672|5,12,1;1,8,1;12,1,1;4,7,1;4,10,1|92,284,89,173
1673|4,10,1;4,1,1;1,1,1;3,8,1|280,137,227
1674|3,8,1;1,6,1;12,10,1;12,1,1|175,93,270
1675|12,1,1;12,12,1;1,12,1|130,283
1676|1,12,1;12,12,1;5,11,1;10,11,1|115,168,237
1677|10,11,1;11,12,1;4,1,1;1,4,1|139,224,246
1678|1,4,1;8,1,1;6,3,1;4,1,1;7,1,1|193,96,85,243
1679|7,1,1;12,1,1;9,12,1;12,12,1;1,9,1|132,190,244,82
1680|1,9,1;8,1,1;4,4,1;1,4,1;1,2,1;2,3,1|251,110,54,61,201
1681|2,3,1;4,1,1;5,1,1;10,6,1|162,251,84
1682|10,6,1;1,4,1;1,1,1;5,5,1;5,1,1;9,5,1|176,75,130,88,215
1683|9,5,1;12,5,1;1,5,1;4,8,1|247,117,123
1684|4,8,1;5,8,1;5,12,1|242,284
1685|5,12,1;8,1,1;11,8,1;8,11,1;8,9,1|83,176,220,192
1686|8,9,1;12,9,1;9,12,1;1,12,1|284,247,130
1687|1,12,1;12,12,1;12,1,1;1,4,1|239,237,75
1688|1,4,1;4,1,1;12,9,1;1,5,1|152,283,224
1689|1,5,1;7,6,1;1,6,1;1,11,1|65,205,209
1690|1,11,1;1,12,1;5,1,1;8,12,1|153,214,157
1691|8,12,1;12,8,1;9,12,1;12,9,1;12,12,1|176,164,149,176
1692|12,12,1;12,1,1;9,12,1;5,1,1|126,297,185
1693|5,1,1;1,4,1;2,12,1;1,12,1|232,134,204
1694|1,12,1;2,12,1;1,11,1;4,7,1;1,10,1;1,5,1|182,50,113,136,113
1695|1,5,1;2,5,1;7,10,1;7,11,1;2,11,1;4,9,1|64,53,223,64,54
1696|4,9,1;11,1,1;12,2,1|245,222
1697|12,2,1;12,1,1;6,8,1;6,12,1|156,286,197
1698|6,12,1;1,12,1;5,1,1;5,2,1;10,2,1|266,192,158,52
1699|10,2,1;12,9,1;11,8,1;12,7,1|85,222,250
1700|12,7,1;6,1,1;12,1,1;12,6,1;8,2,1|246,79,127,156
1701|8,2,1;8,12,1;12,8,1;9,8,1;9,10,1|146,85,80,259
1702|9,10,1;11,12,1;7,1,1;1,1,1;5,12,1|184,95,134,187
1703|5,12,1;1,8,1;1,7,1;6,2,1|275,286,114
1704|6,2,1;1,2,1;12,9,1;12,1,1;7,6,1|66,137,241,199
1705|7,6,1;1,6,1;1,12,1;6,7,1;11,12,1|272,80,199,79
1706|11,12,1;11,1,1;12,2,1;12,12,1|172,290,213
1707|12,12,1;1,9,1;1,1,1;4,4,1;4,1,1|166,168,57,157
1708|4,1,1;12,2,1;9,12,1;9,7,1|158,201,202
1709|9,7,1;1,7,1;7,1,1;12,1,1;7,6,1|203,70,170,168
1710|7,6,1;7,12,1;1,6,1;1,1,1;6,6,1;11,1,1|98,125,102,50,179
1711|11,1,1;12,7,1;12,12,1;1,1,1|180,293,114
1712|1,1,1;5,12,1;1,12,1;1,9,1;3,9,1|84,233,288,87
1713|3,9,1;1,7,1;7,1,1;12,1,1|87,168,267
1714|12,1,1;12,2,1;11,1,1;1,5,1;6,5,1|74,257,202,155
1715|6,5,1;10,1,1;12,10,1;1,10,1|223,149,286
1716|1,10,1;1,12,1;12,12,1;8,1,1;4,11,1;10,5,1|100,121,214,179,59
1717|10,5,1;6,1,1;2,12,1;1,12,1|171,140,209
1718|1,12,1;12,9,1;9,12,1;12,12,1;9,9,1|141,211,112,129
1719|9,9,1;12,6,1;5,12,1;12,7,1|272,291,60
1720|12,7,1;12,1,1;1,8,1;8,4,1;5,7,1|182,139,251,105
1721|5,7,1;5,12,1;1,8,1;12,1,1;8,12,1|72,175,164,115
1722|8,12,1;1,1,1;2,8,1|244,297
1723|2,8,1;3,7,1;5,12,1;5,8,1;8,8,1;12,12,1|92,65,224,61,173
1724|12,12,1;8,1,1;7,1,1;2,6,1|173,288,90
1725|2,6,1;8,12,1;8,1,1;7,7,1|176,160,202
1726|7,7,1;2,12,1;12,12,1;8,8,1;12,4,1;12,1,1|271,52,53,94,169
1727|12,1,1;1,12,1;11,9,1;12,10,1|158,265,238
1728|12,10,1;1,10,1;1,12,1;7,11,1;2,11,1|85,227,74,246
1729|2,11,1;12,1,1;1,1,1;1,12,1|85,195,228
1730|1,12,1;5,1,1;12,12,1;9,12,1;11,10,1|75,95,282,228
1731|11,10,1;12,9,1;6,1,1;12,1,1;1,5,1|297,101,60,205
1732|1,5,1;12,1,1;9,11,1;10,12,1;12,12,1|150,273,73,142
1733|12,12,1;1,9,1;4,12,1;1,12,1|232,122,263
1734|1,12,1;12,5,1;2,12,1;8,6,1;12,10,1;12,12,1|74,84,202,52,174
1735|12,12,1;9,1,1;12,1,1;6,8,1;9,11,1;9,9,1;11,11,1|135,227,73,59,89,52
1736|11,11,1;7,1,1;1,1,1;7,8,1|211,93,293
1737|7,8,1;11,12,1;1,9,1;1,12,1;12,9,1;12,12,1|79,72,87,285,161
1738|11,9,1;11,12,1;12,12,1;12,1,1;11,8,1|233,200,157,50
1739|11,8,1;10,8,1;10,12,1|251,181
1740|10,12,1;12,10,1;1,7,1;1,1,1|183,182,256
1741|1,1,1;12,5,1;12,1,1;11,2,1;10,1,1|125,154,96,171
1742|10,1,1;12,1,1;8,12,1;12,12,1;11,11,1|259,251,77,85
1743|11,11,1;12,11,1;5,12,1;1,12,1;5,9,1|127,137,56,295
1744|5,9,1;8,12,1;12,12,1;1,5,1;1,1,1;8,7,1|179,63,174,83,168
1745|8,7,1;2,1,1;1,9,1;5,12,1;5,10,1|103,99,246,112
1746|5,10,1;7,12,1;3,1,1;1,1,1;6,6,1|236,174,150,116
1747|6,6,1;12,12,1;1,12,1;4,1,1|214,139,221
1748|4,1,1;1,4,1;9,12,1;3,5,1|67,250,177
1749|3,5,1;1,7,1;1,12,1;8,1,1;4,12,1;2,10,1;2,7,1|101,191,96,82,81,52
1750|2,7,1;2,1,1;1,2,1;2,8,1;7,8,1|82,162,294,55
1751|7,8,1;1,2,1;2,1,1;12,11,1;5,12,1|246,75,275,101
1752|5,12,1;6,12,1;11,7,1;6,7,1;6,11,1;9,8,1|126,88,137,162,106
1753|9,8,1;9,12,1;12,9,1;10,9,1;11,1,1|156,119,141,184
1754|11,1,1;12,1,1;12,12,1|293,264
1755|12,12,1;9,1,1;12,1,1;12,11,1|236,253,203
1756|12,11,1;12,12,1;11,11,1;6,11,1|173,90,214
1757|6,11,1;7,12,1;1,12,1|284,205
1758|1,12,1;12,8,1;1,5,1;8,11,1|143,264,141
1759|8,11,1;7,12,1;12,10,1;8,7,1|221,86,122
1760|8,7,1;3,12,1;1,12,1;5,1,1;1,1,1;1,4,1;3,2,1|87,50,130,121,109,98
1761|3,2,1;12,7,1;6,1,1;12,1,1|286,115,107
1762|12,1,1;8,12,1;8,9,1;10,2,1;9,1,1;11,1,1|110,217,61,126,163
1763|11,1,1;1,4,1;8,2,1;4,2,1;5,3,1|138,196,257,58
1764|5,3,1;12,12,1;1,12,1;12,9,1|186,226,281
1765|12,9,1;5,1,1;9,4,1;9,2,1;8,3,1|193,90,86,232
1766|8,3,1;7,3,1;12,8,1;4,8,1|248,117,262
1767|12,1,1;1,5,1;4,1,1;1,1,1|174,199,136
1768|1,1,1;5,12,1;9,2,1|231,298
1769|9,2,1;8,1,1;12,4,1|201,295
1770|12,4,1;1,8,1;12,1,1;10,3,1;10,2,1;11,3,1;12,2,1|78,139,66,96,131,181
1771|12,2,1;9,12,1;1,11,1;4,1,1;12,1,1|244,194,63,177
1772|12,1,1;8,12,1;5,1,1;1,1,1|193,266,85
1773|1,1,1;1,2,1;3,4,1;3,5,1;6,2,1|96,151,194,231
1774|6,2,1;6,12,1;1,7,1;5,7,1;5,10,1|135,283,82,62
1775|5,10,1;6,10,1;11,5,1|283,184
1776|11,5,1;11,1,1;1,8,1;10,1,1|108,252,83
1777|10,1,1;12,3,1;7,1,1;1,1,1|129,255,186
1778|1,1,1;12,12,1;2,9,1;1,9,1;7,3,1|202,119,205,107
1779|7,3,1;7,1,1;1,1,1;12,8,1|185,231,206
1780|12,8,1;12,12,1;12,1,1;1,8,1|292,232,60
1781|1,8,1;12,8,1;6,7,1;1,2,1|227,262,64
1782|1,2,1;8,12,1;6,10,1;4,12,1|128,261,236
1783|4,12,1;12,4,1;11,12,1;5,5,1;7,7,1|160,215,83,233
1784|7,7,1;7,1,1;12,6,1;12,1,1|247,234,85
1785|12,1,1;1,4,1;12,11,1;12,2,1;11,1,1|136,80,105,207
1786|11,1,1;12,2,1;1,5,1;8,1,1;10,1,1|113,72,297,211
1787|10,1,1;10,12,1;1,3,1|283,233
1788|1,3,1;1,12,1;2,6,1;4,1,1;4,5,1|246,128,123,148
1789|4,5,1;1,8,1;8,12,1;2,6,1|210,221,91
1790|2,6,1;2,12,1;1,11,1;1,12,1|224,101,273
1791|1,12,1;12,12,1;9,1,1;2,11,1;1,10,1|165,141,182,66
1792|1,10,1;1,1,1;12,8,1;2,5,1|262,262,52
1793|2,5,1;1,5,1;5,1,1;1,1,1|269,58,186
1794|1,1,1;12,1,1;1,8,1;7,2,1|189,199,227
1795|7,2,1;1,8,1;5,12,1;1,1,1|239,243,167
1796|1,1,1;1,12,1;5,5,1;5,7,1|116,108,241
1797|5,7,1;10,12,1;12,7,1;12,12,1;11,12,1|193,266,127,57
1798|11,12,1;1,9,1;1,1,1;2,8,1;2,3,1|106,168,264,150
1799|2,3,1;9,12,1;12,9,1;12,12,1|228,135,97
1800|12,12,1;1,9,1;11,6,1|278,274
1801|11,6,1;12,6,1;7,1,1|259,208
1802|7,1,1;12,6,1;6,12,1;2,1,1;1,2,1|104,73,207,97
1803|1,2,1;1,12,1;12,12,1;6,6,1|103,260,241
1804|6,6,1;1,11,1;1,12,1;12,8,1;12,12,1|127,230,53,221
1805|12,12,1;8,1,1;7,1,1;2,6,1;2,2,1|204,202,51,211
1806|2,2,1;1,2,1;1,1,1;12,5,1;3,3,1;1,3,1|68,179,110,177,165
1807|1,3,1;1,12,1;12,5,1;12,1,1;9,4,1|254,134,101,86
1808|9,4,1;1,3,1;12,6,1;11,12,1|203,83,253
1809|11,12,1;1,9,1;8,11,1;12,7,1|231,169,104
1810|12,7,1;12,12,1;11,12,1;6,7,1|96,115,283
1811|6,7,1;6,1,1;1,6,1;1,12,1;8,1,1|260,187,118,52
1812|8,1,1;12,5,1;1,5,1;8,6,1|103,298,139
1813|8,6,1;8,12,1;12,12,1;8,1,1;7,7,1|81,225,84,250
1814|7,7,1;1,1,1;1,2,1;3,4,1;5,2,1;5,3,1|78,56,130,117,268
1815|5,3,1;7,1,1;1,1,1;12,8,1|127,250,221
1816|12,8,1;9,12,1;9,9,1;12,9,1|186,210,296
1817|12,9,1;9,12,1;12,8,1;10,10,1|82,224,237
1818|10,10,1;8,12,1;4,1,1;4,4,1;6,4,1|139,280,138,88
1819|6,4,1;12,10,1;3,12,1;7,9,1;4,9,1|294,96,87,59
1820|4,9,1;12,8,1;11,8,1;12,9,1|254,217,153
1821|12,9,1;9,12,1;9,1,1;1,9,1|158,205,285
1822|1,9,1;1,12,1;5,1,1|273,269
1823|5,1,1;6,7,1;6,1,1;11,1,1;7,5,1|178,179,132,165
1824|7,5,1;3,1,1;12,3,1|285,198
1825|12,3,1;12,1,1;9,12,1;1,4,1;1,1,1|118,113,242,168
1826|1,1,1;4,12,1;1,12,1;12,9,1;12,1,1|292,161,121,79
1827|12,1,1;9,12,1;12,12,1;12,2,1|62,249,102
1828|12,2,1;11,1,1;11,12,1|262,241
1829|11,12,1;12,12,1;8,1,1;12,1,1|150,93,290
1830|12,1,1;1,8,1;1,12,1;4,9,1;7,12,1|74,171,124,225
1831|7,12,1;12,5,1;8,8,1;8,12,1;9,11,1;9,10,1|130,87,142,198,129
1832|9,10,1;12,10,1;12,12,1;1,1,1|148,243,233
1833|1,1,1;1,12,1;12,5,1;9,9,1|246,248,187
1834|9,9,1;9,12,1;12,12,1;10,10,1;12,8,1;5,12,1|240,83,200,86,68
1835|5,12,1;1,12,1;8,6,1;12,6,1;7,1,1;12,1,1|73,126,139,203,56
1836|12,1,1;1,5,1;1,1,1;2,2,1|172,91,139
1837|1,1,1;12,1,1;5,2,1;1,6,1|132,116,298
1838|1,6,1;7,12,1;1,12,1;3,10,1;4,11,1|55,77,288,60
1839|12,1,1;12,2,1;7,7,1;1,1,1;11,1,1|213,108,167,191
1840|11,1,1;12,1,1;12,12,1;9,1,1;11,3,1;8,6,1|107,228,190,55,59
1841|8,6,1;8,1,1;12,5,1;7,3,1|270,160,152
1842|7,3,1;9,1,1;12,11,1;12,12,1|145,219,279
1843|12,12,1;8,1,1;12,1,1;11,2,1|239,290,119
1844|11,2,1;12,3,1;12,12,1;1,1,1;12,1,1;12,2,1|115,254,61,128,121
1845|12,2,1;11,1,1;1,8,1;1,12,1;12,12,1|218,69,112,246
1846|12,12,1;5,1,1;1,5,1;4,5,1;7,9,1;5,9,1|221,93,62,236,87
1847|5,9,1;1,9,1;7,1,1;1,1,1|235,265,160
1848|1,1,1;5,12,1;1,9,1;1,12,1;4,12,1|152,230,71,94
1849|4,12,1;12,4,1;12,1,1;1,5,1|253,204,51
1850|1,5,1;4,1,1;1,4,1;1,1,1|216,273,148
1851|1,1,1;1,2,1;6,2,1;2,6,1|191,50,229
1852|2,6,1;12,9,1;9,5,1;11,7,1|258,93,117
1853|11,7,1;11,1,1;12,1,1;12,12,1;1,9,1|93,266,67,178
1854|1,9,1;4,12,1;12,11,1;2,1,1;12,1,1|77,281,165,124
1855|12,1,1;12,12,1;1,12,1;8,11,1|141,240,184
1856|8,11,1;9,12,1;12,9,1|153,283
1857|12,9,1;9,12,1;1,6,1;1,12,1|127,297,165
1858|1,12,1;8,1,1;12,1,1;9,4,1|290,234,104
1859|9,4,1;6,1,1;12,2,1;11,1,1|256,213,136
1860|11,1,1;12,7,1;5,2,1;12,1,1|193,225,76
1861|12,1,1;1,5,1;1,1,1;4,1,1;2,3,1|184,137,183,130
1862|2,3,1;4,1,1;11,12,1;1,8,1;12,4,1;12,1,1|157,199,78,54,157
1863|12,1,1;1,4,1;8,1,1;6,3,1;7,3,1|202,228,91,164
1864|7,3,1;12,3,1;10,12,1;1,5,1;1,1,1|88,84,246,235
1865|1,1,1;12,12,1;8,1,1;12,1,1;12,4,1|233,73,249,136
1866|12,4,1;6,12,1;12,12,1;9,9,1;9,11,1|175,64,174,96
1867|9,11,1;10,12,1;1,12,1;8,11,1;6,9,1|245,110,164,85
1868|6,9,1;12,3,1;12,1,1;1,8,1;12,4,1|240,235,51,171
1869|12,4,1;12,1,1;1,8,1;8,4,1|227,211,223
1870|1,12,1;5,1,1;6,2,1|278,290
1871|6,2,1;7,1,1;12,6,1;12,1,1;8,1,1;11,4,1|180,118,82,257,59
1872|11,4,1;11,1,1;12,2,1;1,9,1|236,169,229
1873|1,9,1;4,12,1;12,5,1;1,8,1;7,8,1|68,186,191,219
1874|7,8,1;1,2,1;12,2,1;11,1,1|228,190,261
1875|11,1,1;1,1,1;10,6,1;5,1,1|261,72,292
1876|5,1,1;12,12,1;1,12,1;7,11,1;7,9,1;9,11,1|51,268,75,56,140
1877|9,11,1;12,11,1;5,1,1;1,5,1;6,7,1;7,7,1|136,67,89,168,178
1878|7,7,1;2,12,1;1,12,1;8,1,1|162,246,141
1879|8,1,1;12,1,1;12,12,1;11,6,1;11,11,1|81,145,264,101
1880|11,11,1;10,12,1;1,5,1;9,11,1|297,227,126
1881|9,11,1;8,12,1;12,12,1;8,1,1|236,153,153
1882|8,1,1;7,2,1;2,2,1;12,5,1|298,278,70
1883|12,5,1;12,1,1;12,12,1;5,2,1;1,2,1|171,81,173,154
1884|1,2,1;1,3,1;3,1,1;1,1,1|172,147,190
1885|1,1,1;12,4,1;11,12,1|185,297
1886|11,12,1;12,5,1;8,1,1;1,12,1;2,5,1;2,10,1|132,171,166,56,73
1887|1,5,1;12,1,1;11,1,1;9,3,1;8,3,1;7,2,1|117,153,197,156,59
1888|7,2,1;12,4,1;9,1,1;9,6,1;8,7,1;12,11,1|114,77,96,140,114
1889|12,11,1;5,12,1;1,8,1;7,8,1|150,250,264
1890|7,8,1;1,7,1;6,7,1;1,12,1|220,277,124
1891|1,12,1;12,8,1;5,2,1;7,4,1;9,2,1|278,87,256,59
1892|9,2,1;8,1,1;5,12,1;6,12,1;6,7,1;10,11,1|100,72,74,225,99
1893|10,11,1;1,6,1;1,12,1;5,8,1|297,139,257
1894|5,8,1;1,12,1;1,1,1;4,12,1|77,259,179
1895|4,12,1;12,12,1;5,1,1;1,5,1|216,185,221
1896|1,5,1;12,12,1;5,1,1;9,4,1|248,137,229
1897|9,4,1;1,10,1;3,1,1;4,8,1;7,12,1|99,67,184,253
1898|7,12,1;1,12,1;12,5,1;12,1,1|129,121,251
1899|12,1,1;1,1,1;5,12,1;5,2,1;2,5,1|153,175,84,54
1900|2,5,1;1,4,1;8,1,1;12,1,1|195,278,207
1901|12,1,1;11,8,1;6,3,1;6,7,1;9,7,1|169,63,197,224
1902|9,7,1;12,10,1;12,12,1;1,8,1;1,12,1|218,62,258,141
1903|1,12,1;12,8,1;1,1,1;11,8,1;12,7,1|102,207,187,146
1904|12,7,1;6,1,1;1,1,1;12,8,1|282,125,80
1905|12,8,1;1,12,1;5,1,1;11,7,1;7,7,1|83,273,147,169
1906|7,7,1;7,12,1;1,12,1;12,9,1|159,285,230
1907|12,9,1;12,12,1;12,8,1;1,5,1|274,213,109
1908|1,5,1;12,8,1;11,7,1;11,8,1;12,9,1|81,124,260,144
1909|12,9,1;2,12,1;7,10,1;5,10,1|149,269,119
1910|5,10,1;5,12,1;1,12,1;1,1,1|217,168,100
1911|1,1,1;12,1,1;9,4,1;10,12,1;12,10,1|69,82,271,277
1912|12,10,1;5,12,1;6,11,1;6,12,1;7,11,1;12,11,1|101,86,71,172,153
1913|12,11,1;11,12,1;4,1,1;12,8,1|279,227,71
1914|12,8,1;12,12,1;1,1,1;1,12,1;9,11,1|214,58,175,229
1915|9,11,1;10,12,1;12,12,1;5,1,1|196,267,224
1916|5,1,1;1,1,1;1,12,1;12,9,1;5,12,1|259,58,84,212
1917|5,12,1;8,1,1;12,1,1;11,2,1|206,179,167
1918|11,2,1;12,10,1;12,12,1;1,5,1|145,177,275
1919|1,5,1;1,1,1;12,8,1;12,12,1;1,8,1;7,2,1|140,51,283,70,82
1920|7,2,1;6,1,1;1,6,1;7,12,1|77,221,291
1921|7,12,1;12,7,1;6,1,1;1,6,1;8,10,1|131,115,258,135
1922|8,10,1;12,6,1;7,1,1;1,7,1;6,12,1|172,100,240,75
1923|6,12,1;12,6,1;7,1,1;1,8,1;6,3,1;6,1,1|113,143,243,84,90
1924|6,1,1;1,6,1;7,12,1;12,12,1;5,9,1;6,8,1|210,50,130,90,159
1925|6,8,1;2,12,1;1,5,1;5,1,1|281,187,179
1926|5,1,1;1,8,1;5,12,1;6,5,1;8,7,1|97,290,79,225
1927|8,7,1;2,1,1;2,12,1;5,1,1;5,3,1;3,5,1|185,87,215,79,103
1928|3,5,1;1,3,1;6,12,1;12,12,1;8,9,1;10,11,1|131,97,232,92,91
1929|10,11,1;10,12,1;9,11,1;12,8,1;7,8,1|194,189,113,149
1930|7,8,1;1,2,1;1,1,1;12,1,1;7,6,1|182,267,118,67
1931|7,6,1;12,11,1;1,7,1;1,1,1|246,240,131
1932|1,1,1;12,5,1;5,2,1;9,6,1;9,3,1|272,73,53,279
1933|9,3,1;11,1,1;12,2,1;8,12,1|260,109,274
1934|8,12,1;12,5,1;9,8,1;9,12,1|167,292,213
1935|9,12,1;12,9,1;1,9,1;5,12,1;1,12,1|196,92,245,141
1936|1,12,1;12,5,1;8,1,1;12,1,1|275,97,232
1937|12,1,1;1,8,1;5,12,1;5,9,1|177,203,134
1938|12,1,1;1,8,1;1,12,1;12,12,1|203,240,82
1939|12,12,1;12,1,1;8,8,1|272,258
1940|8,8,1;7,7,1;12,7,1|227,256
1941|12,7,1;6,1,1;1,6,1;1,1,1;5,1,1;2,4,1|136,168,99,110,131
1942|2,4,1;12,7,1;12,12,1;1,12,1;1,11,1|190,119,257,131
1943|1,11,1;2,12,1;2,1,1;12,4,1|253,111,184
1944|12,4,1;12,1,1;5,12,1;11,4,1;11,5,1|60,101,230,70
1945|11,5,1;1,5,1;5,1,1;10,6,1|129,252,261
1946|10,6,1;10,12,1;12,12,1;11,11,1|244,230,73
1947|11,11,1;12,10,1;12,9,1;9,12,1|203,85,195
1948|9,12,1;12,9,1;12,12,1;10,12,1;3,1,1|72,174,58,277
1949|3,1,1;12,10,1;3,12,1;11,11,1|164,229,151
1950|11,11,1;3,12,1;1,10,1;12,3,1;12,4,1|202,145,193,144
1951|12,4,1;12,12,1;9,1,1;1,1,1;7,2,1|106,132,144,226
1952|7,2,1;1,2,1;1,1,1;12,5,1;1,9,1|82,64,241,235
1953|1,9,1;4,12,1;1,8,1;8,12,1|51,219,240
1954|8,12,1;5,1,1;1,1,1;2,2,1;1,2,1|194,288,118,80
1955|1,2,1;1,12,1;12,5,1;9,9,1|98,172,242
1956|9,9,1;12,6,1;1,10,1;1,12,1|254,149,188
1957|1,12,1;2,11,1;7,11,1;7,7,1|102,260,203
1958|7,7,1;12,2,1;12,1,1;8,4,1;8,2,1|96,117,189,271
1959|8,2,1;11,12,1;12,11,1;11,11,1|185,171,238
1960|11,11,1;12,11,1;1,7,1;1,1,1;7,7,1|103,201,86,286
1961|7,7,1;7,1,1;1,7,1;6,7,1|221,293,77
1962|6,7,1;12,1,1;8,12,1;7,5,1|187,58,272
1963|7,5,1;1,12,1;6,10,1|295,191
1964|6,10,1;12,4,1;1,11,1;4,8,1|262,134,254
1965|12,1,1;8,12,1;8,9,1|192,285
1966|8,9,1;11,12,1;11,1,1;12,1,1;12,12,1|175,226,53,231
1967|12,12,1;1,5,1;5,1,1;5,4,1;8,1,1|133,88,80,262
1968|8,1,1;12,4,1;11,12,1;7,2,1;3,2,1|57,93,298,222
1969|3,2,1;4,1,1;1,5,1;1,1,1|168,154,275
1970|1,1,1;12,8,1;7,8,1;7,12,1|112,269,165
1971|7,12,1;1,6,1;1,1,1;3,6,1|83,293,130
1972|3,6,1;1,6,1;7,12,1;12,12,1;5,1,1|188,269,88,90
1973|5,1,1;1,1,1;1,12,1;12,8,1|273,118,244
1974|12,8,1;1,1,1;4,12,1;12,11,1;7,2,1|245,224,90,113
1975|7,2,1;12,2,1;11,1,1;1,4,1;2,12,1|174,90,151,113
1976|2,12,1;1,12,1;1,11,1;6,6,1|288,73,218
1977|6,6,1;11,1,1;1,8,1;3,3,1;2,3,1;2,7,1|77,108,85,130,189
1978|2,7,1;1,6,1;12,10,1;12,12,1;1,8,1|167,111,204,199
1979|1,8,1;1,12,1;8,1,1;12,1,1|290,155,84
1980|12,1,1;1,12,1;12,12,1;9,9,1|184,268,218
1981|9,9,1;12,6,1;12,12,1;10,10,1|131,276,213
1982|10,10,1;5,12,1;1,12,1;2,6,1;2,11,1;3,11,1|140,291,115,87,55
1983|3,11,1;2,12,1;1,5,1;1,1,1|93,255,176
1984|1,1,1;12,1,1;8,12,1;5,2,1|194,247,189
1985|5,2,1;4,1,1;8,12,1;8,1,1|65,254,230
1986|8,1,1;7,1,1;12,6,1|293,276
1987|12,6,1;11,12,1;11,7,1;6,12,1;1,7,1|59,258,151,65
1988|1,7,1;6,12,1;1,12,1;1,8,1;4,11,1|167,93,195,222
1989|4,11,1;4,12,1;8,1,1|262,287
1990|8,1,1;8,12,1;4,9,1;6,11,1;7,11,1|92,255,127,92
1991|7,11,1;6,12,1;1,5,1;1,1,1;4,4,1|159,180,131,206
1992|4,4,1;7,1,1;1,1,1;4,12,1;5,6,1|71,83,291,241
1993|5,6,1;10,1,1;1,10,1;8,9,1;3,9,1|115,234,96,220
1994|3,9,1;12,11,1;11,12,1;12,12,1;4,4,1|126,93,152,285
1995|4,4,1;1,1,1;12,1,1;7,1,1|268,127,287
1996|7,1,1;12,1,1;5,12,1;8,9,1|140,231,158
1997|8,9,1;11,12,1;11,1,1;12,1,1;7,6,1|144,261,89,153
1998|7,6,1;7,1,1;12,6,1;6,12,1;12,12,1;10,10,1|174,59,174,169,85
1999|10,10,1;12,12,1;12,1,1|254,179
2000|12,1,1;1,1,1;1,12,1;2,5,1;5,2,1|190,130,176,156