route_num|point|simTime|tankMass|RHO|target_rho|log 
2.0|4.0|-140.9499969482422|10.0009892578125|4.207285404205322|0.03400459885597229|Negative Simtime 
2.0|4.0|-139.9499969482422|10.0009892578125|4.171929836273193|0.05676790699362755|Negative Simtime 
2.0|4.0|-138.89999389648438|10.0009892578125|4.136574745178223|0.06749565899372101|Negative Simtime 
2.0|4.0|-137.89999389648438|10.0009892578125|4.101219177246094|0.0704839751124382|Negative Simtime 
2.0|4.0|-136.89999389648438|10.0009892578125|4.065864086151123|0.06788046658039093|Negative Simtime 
2.0|4.0|-135.89999389648438|10.0009892578125|4.030508518218994|0.06320841610431671|Negative Simtime 
2.0|4.0|-134.85000610351562|10.0009892578125|3.9951531887054443|0.057097192853689194|Negative Simtime 
2.0|4.0|-133.85000610351562|10.0009892578125|3.9597978591918945|0.05492434650659561|Negative Simtime 
2.0|4.0|-132.85000610351562|10.0009892578125|3.9244425296783447|0.05645677447319031|Negative Simtime 
2.0|4.0|-131.85000610351562|10.0009892578125|3.889087200164795|0.055697180330753326|Negative Simtime 
2.0|4.0|-130.85000610351562|10.0009892578125|3.853731870651245|0.057594072073698044|Negative Simtime 
2.0|4.0|-129.85000610351562|10.0009892578125|3.8183765411376953|0.05962658300995827|Negative Simtime 
2.0|4.0|-128.85000610351562|10.0009892578125|3.7830212116241455|0.061209674924612045|Negative Simtime 
2.0|4.0|-127.80000305175781|10.0009892578125|3.7476658821105957|0.06018412113189697|Negative Simtime 
2.0|4.0|-126.80000305175781|10.0009892578125|3.712310552597046|0.06026501953601837|Negative Simtime 
2.0|4.0|-125.80000305175781|10.0009892578125|3.676955223083496|0.05988169461488724|Negative Simtime 
2.0|4.0|-124.80000305175781|10.0009892578125|3.6415998935699463|0.05934286490082741|Negative Simtime 
2.0|4.0|-123.8499984741211|10.0009892578125|3.6062445640563965|0.06079950928688049|Negative Simtime 
2.0|4.0|-122.80000305175781|10.0009892578125|3.5708892345428467|0.05867767333984375|Negative Simtime 
2.0|4.0|-121.80000305175781|10.0009892578125|3.535533905029297|0.0587022602558136|Negative Simtime 
2.0|4.0|-120.75|10.0009892578125|3.500178575515747|0.05704076215624809|Negative Simtime 
2.0|4.0|-119.69999694824219|10.0009892578125|3.4648232460021973|0.05547759309411049|Negative Simtime 
2.0|4.0|-118.69999694824219|10.0009892578125|3.4294679164886475|0.05574771761894226|Negative Simtime 
2.0|4.0|-117.69999694824219|10.0009892578125|3.3941125869750977|0.05593915656208992|Negative Simtime 
2.0|4.0|-116.6500015258789|10.0009892578125|3.358757257461548|0.054185543209314346|Negative Simtime 
2.0|4.0|-115.6500015258789|10.0009892578125|3.323401927947998|0.05419132858514786|Negative Simtime 
2.0|4.0|-114.6500015258789|10.0009892578125|3.2880465984344482|0.054149311035871506|Negative Simtime 
2.0|4.0|-113.6500015258789|10.0009892578125|3.2526912689208984|0.05409635603427887|Negative Simtime 
2.0|4.0|-112.6500015258789|10.0009892578125|3.2173361778259277|0.05405738204717636|Negative Simtime 
2.0|4.0|-111.5999984741211|10.0009892578125|3.181980848312378|0.05221724510192871|Negative Simtime 
2.0|4.0|-110.5999984741211|10.0009892578125|3.146625518798828|0.05223711580038071|Negative Simtime 
2.0|4.0|-109.5999984741211|10.0009892578125|3.1112701892852783|0.05227269232273102|Negative Simtime 
2.0|4.0|-108.5999984741211|10.0009892578125|3.0759148597717285|0.05231359228491783|Negative Simtime 
2.0|4.0|-107.5999984741211|10.0009892578125|3.0405595302581787|0.052350375801324844|Negative Simtime 
2.0|4.0|-106.5999984741211|10.0009892578125|3.005204200744629|0.05237516388297081|Negative Simtime 
2.0|4.0|-105.55000305175781|10.0009892578125|2.969848871231079|0.05058005824685097|Negative Simtime 
2.0|4.0|-104.55000305175781|10.0009892578125|2.9344935417175293|0.050581060349941254|Negative Simtime 
2.0|4.0|-103.55000305175781|10.0009892578125|2.8991382122039795|0.05057765170931816|Negative Simtime 
2.0|4.0|-102.55000305175781|10.0009892578125|2.863783121109009|0.05057572200894356|Negative Simtime 
2.0|4.0|-101.5|10.0009892578125|2.828427791595459|0.04879385605454445|Negative Simtime 
2.0|4.0|-100.5|10.0009892578125|2.79307222366333|0.048795197159051895|Negative Simtime 
2.0|4.0|-99.5|10.0009892578125|2.7577171325683594|0.04704603925347328|Negative Simtime 
2.0|4.0|-98.44999694824219|10.0009892578125|2.7223618030548096|0.047053012996912|Negative Simtime 
2.0|4.0|-97.44999694824219|10.0009892578125|2.6870064735412598|0.04705847054719925|Negative Simtime 
2.0|4.0|-96.4000015258789|10.0009892578125|2.65165114402771|0.04533977806568146|Negative Simtime 
2.0|4.0|-95.4000015258789|10.0009892578125|2.61629581451416|0.045342374593019485|Negative Simtime 
2.0|4.0|-94.3499984741211|10.0009892578125|2.5809404850006104|0.04364963620901108|Negative Simtime 
2.0|4.0|-93.3499984741211|10.0009892578125|2.5455851554870605|0.04364911466836929|Negative Simtime 
2.0|4.0|-92.3499984741211|10.0009892578125|2.5102298259735107|0.04364919289946556|Negative Simtime 
2.0|4.0|-91.3499984741211|10.0009892578125|2.474874496459961|0.04364943876862526|Negative Simtime 
2.0|4.0|-90.30000305175781|10.0009892578125|2.439519166946411|0.041986990720033646|Negative Simtime 
2.0|4.0|-89.30000305175781|10.0009892578125|2.4041640758514404|0.0426110103726387|Negative Simtime 
2.0|4.0|-88.30000305175781|10.0009892578125|2.3688087463378906|0.043140728026628494|Negative Simtime 
2.0|4.0|-87.30000305175781|10.0009892578125|2.333453416824341|0.04354310408234596|Negative Simtime 
2.0|4.0|-86.25|10.0009892578125|2.298098087310791|0.04213704913854599|Negative Simtime 
2.0|4.0|-85.25|10.0009892578125|2.262742757797241|0.04222609102725983|Negative Simtime 
2.0|4.0|-84.25|10.0009892578125|2.2273874282836914|0.042198069393634796|Negative Simtime 
2.0|4.0|-83.19999694824219|10.0009892578125|2.156676769256592|0.07582253962755203|Negative Simtime 
2.0|4.0|-82.19999694824219|10.0009892578125|2.121321439743042|0.0757172480225563|Negative Simtime 
2.0|4.0|-81.19999694824219|10.0009892578125|2.085966110229492|0.07563693821430206|Negative Simtime 
2.0|4.0|-80.1500015258789|10.0009892578125|2.0506110191345215|0.07405844330787659|Negative Simtime 
2.0|4.0|-79.1500015258789|10.0009892578125|2.0152556896209717|0.07406376302242279|Negative Simtime 
2.0|4.0|-78.0999984741211|10.0009892578125|1.9799003601074219|0.07250959426164627|Negative Simtime 
2.0|4.0|-77.0999984741211|10.0009892578125|1.944545030593872|0.07255062460899353|Negative Simtime 
2.0|4.0|-76.05000305175781|10.0009892578125|1.9091897010803223|0.07090218365192413|Negative Simtime 
2.0|4.0|-75.05000305175781|10.0009892578125|1.8738343715667725|0.07092595845460892|Negative Simtime 
2.0|4.0|-74.05000305175781|10.0009892578125|1.8384790420532227|0.07092908024787903|Negative Simtime 
2.0|4.0|-73.05000305175781|10.0009892578125|1.8031238317489624|0.07092103362083435|Negative Simtime 
2.0|4.0|-72.05000305175781|10.0009892578125|1.7677685022354126|0.07090875506401062|Negative Simtime 
2.0|4.0|-71.0|10.0009892578125|1.7324131727218628|0.06913739442825317|Negative Simtime 
2.0|4.0|-70.0|10.0009892578125|1.697057843208313|0.06912937760353088|Negative Simtime 
2.0|4.0|-69.0|10.0009892578125|1.6617025136947632|0.0691266879439354|Negative Simtime 
2.0|4.0|-68.0|10.0009892578125|1.626347303390503|0.0691293403506279|Negative Simtime 
2.0|4.0|-67.0|10.0009892578125|1.5909919738769531|0.06913434714078903|Negative Simtime 
2.0|4.0|-65.94999694824219|10.0009892578125|1.5556366443634033|0.06732562929391861|Negative Simtime 
2.0|4.0|-64.9000015258789|10.0009892578125|1.5202813148498535|0.06548048555850983|Negative Simtime 
2.0|4.0|-63.849998474121094|10.0009892578125|1.4849259853363037|0.06361062079668045|Negative Simtime 
2.0|4.0|-62.849998474121094|10.0009892578125|1.4495707750320435|0.06361162662506104|Negative Simtime 
2.0|4.0|-61.849998474121094|10.0009892578125|1.4142154455184937|0.0636085793375969|Negative Simtime 
2.0|4.0|-60.80000305175781|10.0009892578125|1.3788601160049438|0.06172306835651398|Negative Simtime 
2.0|4.0|-59.80000305175781|10.0009892578125|1.3435046672821045|0.06172400340437889|Negative Simtime 
2.0|4.0|-58.75|10.0009892578125|1.3081492185592651|0.05983854830265045|Negative Simtime 
2.0|4.0|-57.75|10.0009892578125|1.2727936506271362|0.05983955040574074|Negative Simtime 
2.0|4.0|-56.75|10.0009892578125|1.2374382019042969|0.05984021723270416|Negative Simtime 
2.0|4.0|-55.75|10.0009892578125|1.2020827531814575|0.05984088405966759|Negative Simtime 
2.0|4.0|-54.75|10.0009892578125|1.1667273044586182|0.059841886162757874|Negative Simtime 
2.0|4.0|-53.69999694824219|10.0009892578125|1.1313717365264893|0.05796552821993828|Negative Simtime 
2.0|4.0|-52.69999694824219|10.0009892578125|1.09601628780365|0.05796383321285248|Negative Simtime 
2.0|4.0|-51.69999694824219|10.0009892578125|1.0606608390808105|0.05796636641025543|Negative Simtime 
2.0|4.0|-50.69999694824219|10.0009892578125|1.0253053903579712|0.057965345680713654|Negative Simtime 
2.0|4.0|-49.650001525878906|10.0009892578125|0.9899498820304871|0.05609806254506111|Negative Simtime 
2.0|4.0|-48.69999694824219|10.0009892578125|0.9545944333076477|0.05796365067362785|Negative Simtime 
2.0|4.0|-47.650001525878906|10.0009892578125|0.9192389249801636|0.05609738454222679|Negative Simtime 
2.0|4.0|-46.650001525878906|10.0009892578125|0.8838834762573242|0.05609704554080963|Negative Simtime 
2.0|4.0|-45.650001525878906|10.0009892578125|0.8485280275344849|0.05609855800867081|Negative Simtime 
2.0|4.0|-44.650001525878906|10.0009892578125|0.8131725192070007|0.05609939992427826|Negative Simtime 
2.0|4.0|-43.599998474121094|10.0009892578125|0.7778170704841614|0.054249417036771774|Negative Simtime 
2.0|4.0|-42.55000305175781|10.0009892578125|0.7424615621566772|0.05241955444216728|Negative Simtime 
2.0|4.0|-41.55000305175781|10.0009892578125|0.7071061134338379|0.05241888016462326|Negative Simtime 
2.0|4.0|-40.55000305175781|10.0009892578125|0.6717506051063538|0.05241955444216728|Negative Simtime 
2.0|4.0|-39.5|10.0009892578125|0.6363951563835144|0.05061398446559906|Negative Simtime 
2.0|4.0|-38.5|10.0009892578125|0.601039707660675|0.05061347782611847|Negative Simtime 
2.0|4.0|-37.5|10.0009892578125|0.5656841993331909|0.05061280354857445|Negative Simtime 
2.0|4.0|-36.5|10.0009892578125|0.5303287506103516|0.050612468272447586|Negative Simtime 
2.0|4.0|-35.44999694824219|10.0009892578125|0.4949732720851898|0.048832353204488754|Negative Simtime 
2.0|4.0|-34.44999694824219|10.0009892578125|0.4596177935600281|0.04883386939764023|Negative Simtime 
2.0|4.0|-33.44999694824219|10.0009892578125|0.42426231503486633|0.04883437603712082|Negative Simtime 
2.0|4.0|-32.400001525878906|10.0009892578125|0.3889068365097046|0.04708140343427658|Negative Simtime 
2.0|4.0|-31.349998474121094|10.0009892578125|0.35355135798454285|0.045356784015893936|Negative Simtime 
2.0|4.0|-30.349998474121094|10.0009892578125|0.3181958794593811|0.045355942100286484|Negative Simtime 
2.0|4.0|-29.300003051757812|10.0009892578125|0.28284043073654175|0.0436619408428669|Negative Simtime 
2.0|4.0|-28.300003051757812|10.0009892578125|0.24748495221138|0.041998837143182755|Negative Simtime 
2.0|4.0|-27.25|10.0009892578125|0.21212947368621826|0.0419984869658947|Negative Simtime 
2.0|4.0|-26.25|10.0009892578125|0.17677399516105652|0.04199865087866783|Negative Simtime 
2.0|4.0|-25.25|10.0009892578125|0.14141851663589478|0.04199966415762901|Negative Simtime 
2.0|4.0|-24.199996948242188|10.0009892578125|0.07070757448673248|0.07572336494922638|Negative Simtime 
3.0|4.0|0.0|10.0009892578125|7.071067810058594|4.287469863891602|DRONE out of control and lost the TARGET 
3.0|4.0|0.0|10.0009892578125|7.071067810058594|4.287469863891602|DRONE out of control and lost the TARGET 
3.0|4.0|0.0|10.0009892578125|7.071067810058594|4.287469863891602|DRONE out of control and lost the TARGET 
3.0|4.0|0.0|10.0009892578125|7.071067810058594|4.287469863891602|DRONE out of control and lost the TARGET 
3.0|4.0|0.0|10.0009892578125|7.071067810058594|4.287469863891602|DRONE out of control and lost the TARGET 
3.0|4.0|0.0|10.0009892578125|7.071067810058594|4.287469863891602|DRONE out of control and lost the TARGET 
3.0|4.0|0.0|10.0009892578125|7.071067810058594|4.287469863891602|DRONE out of control and lost the TARGET 
3.0|3.0|-6.800000190734863|10.0009892578125|6.992500305175781|0.07559134811162949|Negative Simtime 
3.0|3.0|-5.699999809265137|10.0009892578125|6.913932800292969|0.121754489839077|Negative Simtime 
3.0|3.0|-4.699999809265137|10.0009892578125|6.8353657722473145|0.146401047706604|Negative Simtime 
3.0|3.0|-3.6499996185302734|10.0009892578125|6.756798267364502|0.1470286101102829|Negative Simtime 
3.0|3.0|-2.6000003814697266|10.0009892578125|6.6782307624816895|0.13449569046497345|Negative Simtime 
3.0|3.0|-1.5500001907348633|10.0009892578125|6.599663257598877|0.11858799308538437|Negative Simtime 
3.0|3.0|-0.5|10.0009892578125|6.5210957527160645|0.1060158982872963|Negative Simtime 
